+0.000000e+00 +0.000000e+00 +1.000000e+00 +1.351009e+01
+0.000000e+00 +0.000000e+00 +5.000000e+00 +2.099149e+00
+0.000000e+00 +0.000000e+00 +5.000000e+01 +1.877496e-01
+0.000000e+00 +0.000000e+00 +1.000000e+02 +1.184765e-01
+0.000000e+00 +0.000000e+00 +5.000000e+02 +3.227075e-02

+0.000000e+00 +0.000000e+00 +1.000000e+00 +1.471391e+01
+0.000000e+00 +0.000000e+00 +5.000000e+00 +2.090073e+00
+0.000000e+00 +0.000000e+00 +5.000000e+01 +1.928363e-01
+0.000000e+00 +0.000000e+00 +1.000000e+02 +1.242424e-01
+0.000000e+00 +0.000000e+00 +5.000000e+02 +3.420997e-02

+0.000000e+00 +0.000000e+00 +1.000000e+00 +1.538274e+01
+0.000000e+00 +0.000000e+00 +5.000000e+00 +2.771864e+00
+0.000000e+00 +0.000000e+00 +5.000000e+01 +1.900244e-01
+0.000000e+00 +0.000000e+00 +1.000000e+02 +1.219316e-01
+0.000000e+00 +0.000000e+00 +5.000000e+02 +3.353947e-02

+0.000000e+00 +0.000000e+00 +1.000000e+00 +1.583231e+01
+0.000000e+00 +0.000000e+00 +5.000000e+00 +3.217159e+00
+0.000000e+00 +0.000000e+00 +5.000000e+01 +1.833852e-01
+0.000000e+00 +0.000000e+00 +1.000000e+02 +1.190415e-01
+0.000000e+00 +0.000000e+00 +5.000000e+02 +3.260393e-02

+0.000000e+00 +0.000000e+00 +1.000000e+00 +1.580251e+01
+0.000000e+00 +0.000000e+00 +5.000000e+00 +3.181540e+00
+0.000000e+00 +0.000000e+00 +5.000000e+01 +1.845690e-01
+0.000000e+00 +0.000000e+00 +1.000000e+02 +1.195710e-01
+0.000000e+00 +0.000000e+00 +5.000000e+02 +3.271102e-02

+0.000000e+00 +0.000000e+00 +1.000000e+00 +1.580251e+01
+0.000000e+00 +0.000000e+00 +5.000000e+00 +3.181540e+00
+0.000000e+00 +0.000000e+00 +5.000000e+01 +1.845690e-01
+0.000000e+00 +0.000000e+00 +1.000000e+02 +1.195710e-01
+0.000000e+00 +0.000000e+00 +5.000000e+02 +3.271102e-02

+0.000000e+00 +0.000000e+00 +1.000000e+00 +1.723465e+01
+0.000000e+00 +0.000000e+00 +5.000000e+00 +4.484237e+00
+0.000000e+00 +0.000000e+00 +5.000000e+01 +1.495450e-01
+0.000000e+00 +0.000000e+00 +1.000000e+02 +1.046876e-01
+0.000000e+00 +0.000000e+00 +5.000000e+02 +3.001621e-02

+0.000000e+00 +0.000000e+00 +1.000000e+00 +1.809373e+01
+0.000000e+00 +0.000000e+00 +5.000000e+00 +5.198501e+00
+0.000000e+00 +0.000000e+00 +5.000000e+01 +1.498644e-01
+0.000000e+00 +0.000000e+00 +1.000000e+02 +1.058870e-01
+0.000000e+00 +0.000000e+00 +5.000000e+02 +3.035780e-02

+0.000000e+00 +0.000000e+00 +1.000000e+00 +1.860387e+01
+0.000000e+00 +0.000000e+00 +5.000000e+00 +5.130450e+00
+0.000000e+00 +0.000000e+00 +5.000000e+01 +1.498611e-01
+0.000000e+00 +0.000000e+00 +1.000000e+02 +1.058863e-01
+0.000000e+00 +0.000000e+00 +5.000000e+02 +3.035776e-02

+0.000000e+00 +0.000000e+00 +1.000000e+00 +1.662272e+01
+0.000000e+00 +0.000000e+00 +5.000000e+00 +3.713397e+00
+0.000000e+00 +0.000000e+00 +5.000000e+01 +2.122623e-01
+0.000000e+00 +0.000000e+00 +1.000000e+02 +1.258145e-01
+0.000000e+00 +0.000000e+00 +5.000000e+02 +3.229999e-02

+0.000000e+00 +0.000000e+00 +1.000000e+00 +1.723727e+01
+0.000000e+00 +0.000000e+00 +5.000000e+00 +4.425036e+00
+0.000000e+00 +0.000000e+00 +5.000000e+01 +1.579457e-01
+0.000000e+00 +0.000000e+00 +1.000000e+02 +1.069313e-01
+0.000000e+00 +0.000000e+00 +5.000000e+02 +3.012911e-02

+0.000000e+00 +0.000000e+00 +1.000000e+00 +1.723585e+01
+0.000000e+00 +0.000000e+00 +5.000000e+00 +4.631329e+00
+0.000000e+00 +0.000000e+00 +5.000000e+01 +1.550163e-01
+0.000000e+00 +0.000000e+00 +1.000000e+02 +1.061091e-01
+0.000000e+00 +0.000000e+00 +5.000000e+02 +3.022675e-02

+0.000000e+00 +0.000000e+00 +1.000000e+00 +1.627509e+01
+0.000000e+00 +0.000000e+00 +5.000000e+00 +3.667833e+00
+0.000000e+00 +0.000000e+00 +5.000000e+01 +1.828156e-01
+0.000000e+00 +0.000000e+00 +1.000000e+02 +1.179055e-01
+0.000000e+00 +0.000000e+00 +5.000000e+02 +3.239332e-02

+0.000000e+00 +0.000000e+00 +1.000000e+00 +1.507712e+01
+0.000000e+00 +0.000000e+00 +5.000000e+00 +2.459572e+00
+0.000000e+00 +0.000000e+00 +5.000000e+01 +1.930955e-01
+0.000000e+00 +0.000000e+00 +1.000000e+02 +1.235997e-01
+0.000000e+00 +0.000000e+00 +5.000000e+02 +3.389227e-02

+0.000000e+00 +0.000000e+00 +1.000000e+00 +1.676627e+01
+0.000000e+00 +0.000000e+00 +5.000000e+00 +4.046422e+00
+0.000000e+00 +0.000000e+00 +5.000000e+01 +1.505165e-01
+0.000000e+00 +0.000000e+00 +1.000000e+02 +1.047932e-01
+0.000000e+00 +0.000000e+00 +5.000000e+02 +3.002644e-02

+0.000000e+00 +0.000000e+00 +1.000000e+00 +1.465572e+01
+0.000000e+00 +0.000000e+00 +5.000000e+00 +2.031505e+00
+0.000000e+00 +0.000000e+00 +5.000000e+01 +1.774935e-01
+0.000000e+00 +0.000000e+00 +1.000000e+02 +1.167107e-01
+0.000000e+00 +0.000000e+00 +5.000000e+02 +3.245610e-02

+0.000000e+00 +0.000000e+00 +1.000000e+00 +1.541863e+01
+0.000000e+00 +0.000000e+00 +5.000000e+00 +2.806868e+00
+0.000000e+00 +0.000000e+00 +5.000000e+01 +2.047988e-01
+0.000000e+00 +0.000000e+00 +1.000000e+02 +1.285711e-01
+0.000000e+00 +0.000000e+00 +5.000000e+02 +3.481153e-02

+0.000000e+00 +0.000000e+00 +1.000000e+00 +1.441778e+01
+0.000000e+00 +0.000000e+00 +5.000000e+00 +1.793633e+00
+0.000000e+00 +0.000000e+00 +5.000000e+01 +2.028812e-01
+0.000000e+00 +0.000000e+00 +1.000000e+02 +1.308988e-01
+0.000000e+00 +0.000000e+00 +5.000000e+02 +3.634019e-02

+0.000000e+00 +0.000000e+00 +1.000000e+00 +1.538274e+01
+0.000000e+00 +0.000000e+00 +5.000000e+00 +2.771864e+00
+0.000000e+00 +0.000000e+00 +5.000000e+01 +1.900244e-01
+0.000000e+00 +0.000000e+00 +1.000000e+02 +1.219316e-01
+0.000000e+00 +0.000000e+00 +5.000000e+02 +3.353947e-02

+0.000000e+00 +0.000000e+00 +1.000000e+00 +1.565364e+01
+0.000000e+00 +0.000000e+00 +5.000000e+00 +3.047766e+00
+0.000000e+00 +0.000000e+00 +5.000000e+01 +1.961967e-01
+0.000000e+00 +0.000000e+00 +1.000000e+02 +1.244546e-01
+0.000000e+00 +0.000000e+00 +5.000000e+02 +3.398577e-02

+0.000000e+00 +0.000000e+00 +1.000000e+00 +1.404644e+01
+0.000000e+00 +0.000000e+00 +5.000000e+00 +1.414681e+00
+0.000000e+00 +0.000000e+00 +5.000000e+01 +1.584063e-01
+0.000000e+00 +0.000000e+00 +1.000000e+02 +1.096251e-01
+0.000000e+00 +0.000000e+00 +5.000000e+02 +3.276804e-02

+0.000000e+00 +0.000000e+00 +1.000000e+00 +1.490201e+01
+0.000000e+00 +0.000000e+00 +5.000000e+00 +3.461903e+00
+0.000000e+00 +0.000000e+00 +5.000000e+01 +1.503588e-01
+0.000000e+00 +0.000000e+00 +1.000000e+02 +1.023874e-01
+0.000000e+00 +0.000000e+00 +5.000000e+02 +2.912394e-02

+0.000000e+00 +0.000000e+00 +1.000000e+00 +1.713336e+01
+0.000000e+00 +0.000000e+00 +5.000000e+00 +5.805371e+00
+0.000000e+00 +0.000000e+00 +5.000000e+01 +1.688205e-01
+0.000000e+00 +0.000000e+00 +1.000000e+02 +1.090001e-01
+0.000000e+00 +0.000000e+00 +5.000000e+02 +2.975886e-02

+0.000000e+00 +0.000000e+00 +1.000000e+00 +1.413072e+01
+0.000000e+00 +0.000000e+00 +5.000000e+00 +2.900587e+00
+0.000000e+00 +0.000000e+00 +5.000000e+01 +1.849070e-01
+0.000000e+00 +0.000000e+00 +1.000000e+02 +1.150954e-01
+0.000000e+00 +0.000000e+00 +5.000000e+02 +3.099872e-02

+0.000000e+00 +0.000000e+00 +1.000000e+00 +1.413072e+01
+0.000000e+00 +0.000000e+00 +5.000000e+00 +2.900587e+00
+0.000000e+00 +0.000000e+00 +5.000000e+01 +1.849070e-01
+0.000000e+00 +0.000000e+00 +1.000000e+02 +1.150954e-01
+0.000000e+00 +0.000000e+00 +5.000000e+02 +3.099872e-02

+0.000000e+00 +0.000000e+00 +1.000000e+00 +1.413072e+01
+0.000000e+00 +0.000000e+00 +5.000000e+00 +2.900587e+00
+0.000000e+00 +0.000000e+00 +5.000000e+01 +1.849070e-01
+0.000000e+00 +0.000000e+00 +1.000000e+02 +1.150954e-01
+0.000000e+00 +0.000000e+00 +5.000000e+02 +3.099872e-02

+0.000000e+00 +0.000000e+00 +1.000000e+00 +1.413072e+01
+0.000000e+00 +0.000000e+00 +5.000000e+00 +2.900587e+00
+0.000000e+00 +0.000000e+00 +5.000000e+01 +1.849070e-01
+0.000000e+00 +0.000000e+00 +1.000000e+02 +1.150954e-01
+0.000000e+00 +0.000000e+00 +5.000000e+02 +3.099872e-02

+0.000000e+00 +0.000000e+00 +1.000000e+00 +1.538274e+01
+0.000000e+00 +0.000000e+00 +5.000000e+00 +2.771864e+00
+0.000000e+00 +0.000000e+00 +5.000000e+01 +1.900244e-01
+0.000000e+00 +0.000000e+00 +1.000000e+02 +1.219316e-01
+0.000000e+00 +0.000000e+00 +5.000000e+02 +3.353947e-02

+0.000000e+00 +0.000000e+00 +1.000000e+00 +1.413072e+01
+0.000000e+00 +0.000000e+00 +5.000000e+00 +2.900587e+00
+0.000000e+00 +0.000000e+00 +5.000000e+01 +1.849070e-01
+0.000000e+00 +0.000000e+00 +1.000000e+02 +1.150954e-01
+0.000000e+00 +0.000000e+00 +5.000000e+02 +3.099872e-02

+0.000000e+00 +0.000000e+00 +1.000000e+00 +1.413072e+01
+0.000000e+00 +0.000000e+00 +5.000000e+00 +2.900587e+00
+0.000000e+00 +0.000000e+00 +5.000000e+01 +1.849070e-01
+0.000000e+00 +0.000000e+00 +1.000000e+02 +1.150954e-01
+0.000000e+00 +0.000000e+00 +5.000000e+02 +3.099872e-02

+0.000000e+00 +0.000000e+00 +1.000000e+00 +1.413072e+01
+0.000000e+00 +0.000000e+00 +5.000000e+00 +2.900587e+00
+0.000000e+00 +0.000000e+00 +5.000000e+01 +1.849070e-01
+0.000000e+00 +0.000000e+00 +1.000000e+02 +1.150954e-01
+0.000000e+00 +0.000000e+00 +5.000000e+02 +3.099872e-02

+0.000000e+00 +0.000000e+00 +1.000000e+00 +1.413072e+01
+0.000000e+00 +0.000000e+00 +5.000000e+00 +2.900587e+00
+0.000000e+00 +0.000000e+00 +5.000000e+01 +1.849070e-01
+0.000000e+00 +0.000000e+00 +1.000000e+02 +1.150954e-01
+0.000000e+00 +0.000000e+00 +5.000000e+02 +3.099872e-02

+0.000000e+00 +0.000000e+00 +1.000000e+00 +1.413072e+01
+0.000000e+00 +0.000000e+00 +5.000000e+00 +2.900587e+00
+0.000000e+00 +0.000000e+00 +5.000000e+01 +1.849070e-01
+0.000000e+00 +0.000000e+00 +1.000000e+02 +1.150954e-01
+0.000000e+00 +0.000000e+00 +5.000000e+02 +3.099872e-02

+0.000000e+00 +0.000000e+00 +1.000000e+00 +1.538274e+01
+0.000000e+00 +0.000000e+00 +5.000000e+00 +2.771864e+00
+0.000000e+00 +0.000000e+00 +5.000000e+01 +1.900244e-01
+0.000000e+00 +0.000000e+00 +1.000000e+02 +1.219316e-01
+0.000000e+00 +0.000000e+00 +5.000000e+02 +3.353947e-02

+0.000000e+00 +0.000000e+00 +1.000000e+00 +1.412866e+01
+0.000000e+00 +0.000000e+00 +5.000000e+00 +2.896171e+00
+0.000000e+00 +0.000000e+00 +5.000000e+01 +1.849856e-01
+0.000000e+00 +0.000000e+00 +1.000000e+02 +1.151475e-01
+0.000000e+00 +0.000000e+00 +5.000000e+02 +3.099652e-02

+0.000000e+00 +0.000000e+00 +1.000000e+00 +1.537980e+01
+0.000000e+00 +0.000000e+00 +5.000000e+00 +2.768003e+00
+0.000000e+00 +0.000000e+00 +5.000000e+01 +1.900556e-01
+0.000000e+00 +0.000000e+00 +1.000000e+02 +1.219810e-01
+0.000000e+00 +0.000000e+00 +5.000000e+02 +3.353839e-02

+0.000000e+00 +0.000000e+00 +1.000000e+00 +1.414064e+01
+0.000000e+00 +0.000000e+00 +5.000000e+00 +2.903132e+00
+0.000000e+00 +0.000000e+00 +5.000000e+01 +1.850385e-01
+0.000000e+00 +0.000000e+00 +1.000000e+02 +1.151754e-01
+0.000000e+00 +0.000000e+00 +5.000000e+02 +3.101992e-02

+0.000000e+00 +0.000000e+00 +1.000000e+00 +1.539350e+01
+0.000000e+00 +0.000000e+00 +5.000000e+00 +2.774369e+00
+0.000000e+00 +0.000000e+00 +5.000000e+01 +1.901603e-01
+0.000000e+00 +0.000000e+00 +1.000000e+02 +1.220167e-01
+0.000000e+00 +0.000000e+00 +5.000000e+02 +3.356248e-02

+0.000000e+00 +0.000000e+00 +1.000000e+00 +1.414125e+01
+0.000000e+00 +0.000000e+00 +5.000000e+00 +2.903337e+00
+0.000000e+00 +0.000000e+00 +5.000000e+01 +1.850467e-01
+0.000000e+00 +0.000000e+00 +1.000000e+02 +1.151803e-01
+0.000000e+00 +0.000000e+00 +5.000000e+02 +3.102117e-02

+0.000000e+00 +0.000000e+00 +1.000000e+00 +1.539416e+01
+0.000000e+00 +0.000000e+00 +5.000000e+00 +2.774577e+00
+0.000000e+00 +0.000000e+00 +5.000000e+01 +1.901689e-01
+0.000000e+00 +0.000000e+00 +1.000000e+02 +1.220218e-01
+0.000000e+00 +0.000000e+00 +5.000000e+02 +3.356384e-02

+0.000000e+00 +0.000000e+00 +1.000000e+00 +1.414164e+01
+0.000000e+00 +0.000000e+00 +5.000000e+00 +2.903499e+00
+0.000000e+00 +0.000000e+00 +5.000000e+01 +1.850520e-01
+0.000000e+00 +0.000000e+00 +1.000000e+02 +1.151833e-01
+0.000000e+00 +0.000000e+00 +5.000000e+02 +3.102193e-02

+0.000000e+00 +0.000000e+00 +1.000000e+00 +1.539457e+01
+0.000000e+00 +0.000000e+00 +5.000000e+00 +2.774745e+00
+0.000000e+00 +0.000000e+00 +5.000000e+01 +1.901745e-01
+0.000000e+00 +0.000000e+00 +1.000000e+02 +1.220251e-01
+0.000000e+00 +0.000000e+00 +5.000000e+02 +3.356468e-02

+0.000000e+00 +0.000000e+00 +1.000000e+00 +1.413072e+01
+0.000000e+00 +0.000000e+00 +5.000000e+00 +2.900587e+00
+0.000000e+00 +0.000000e+00 +5.000000e+01 +1.849070e-01
+0.000000e+00 +0.000000e+00 +1.000000e+02 +1.150954e-01
+0.000000e+00 +0.000000e+00 +5.000000e+02 +3.099872e-02

+0.000000e+00 +0.000000e+00 +1.000000e+00 +1.538274e+01
+0.000000e+00 +0.000000e+00 +5.000000e+00 +2.771864e+00
+0.000000e+00 +0.000000e+00 +5.000000e+01 +1.900244e-01
+0.000000e+00 +0.000000e+00 +1.000000e+02 +1.219316e-01
+0.000000e+00 +0.000000e+00 +5.000000e+02 +3.353947e-02

+0.000000e+00 +0.000000e+00 +1.000000e+00 +1.413072e+01
+0.000000e+00 +0.000000e+00 +5.000000e+00 +2.900587e+00
+0.000000e+00 +0.000000e+00 +5.000000e+01 +1.849070e-01
+0.000000e+00 +0.000000e+00 +1.000000e+02 +1.150954e-01
+0.000000e+00 +0.000000e+00 +5.000000e+02 +3.099872e-02

+0.000000e+00 +0.000000e+00 +1.000000e+00 +1.538274e+01
+0.000000e+00 +0.000000e+00 +5.000000e+00 +2.771864e+00
+0.000000e+00 +0.000000e+00 +5.000000e+01 +1.900244e-01
+0.000000e+00 +0.000000e+00 +1.000000e+02 +1.219316e-01
+0.000000e+00 +0.000000e+00 +5.000000e+02 +3.353947e-02

+0.000000e+00 +0.000000e+00 +1.000000e+00 +1.479309e+01
+0.000000e+00 +0.000000e+00 +5.000000e+00 +3.208393e+00
+0.000000e+00 +0.000000e+00 +5.000000e+01 +8.899166e+00
+0.000000e+00 +0.000000e+00 +1.000000e+02 +1.536569e-01
+0.000000e+00 +0.000000e+00 +5.000000e+02 +2.934019e-02

+0.000000e+00 +0.000000e+00 +1.000000e+00 +1.625090e+01
+0.000000e+00 +0.000000e+00 +5.000000e+00 +3.500921e+00
+0.000000e+00 +0.000000e+00 +5.000000e+01 +8.789531e+00
+0.000000e+00 +0.000000e+00 +1.000000e+02 +1.610161e-01
+0.000000e+00 +0.000000e+00 +5.000000e+02 +3.210168e-02

+0.000000e+00 +0.000000e+00 +1.000000e+00 +1.479309e+01
+0.000000e+00 +0.000000e+00 +5.000000e+00 +3.208393e+00
+0.000000e+00 +0.000000e+00 +5.000000e+01 +8.899166e+00
+0.000000e+00 +0.000000e+00 +1.000000e+02 +1.536569e-01
+0.000000e+00 +0.000000e+00 +5.000000e+02 +2.934019e-02

+0.000000e+00 +0.000000e+00 +1.000000e+00 +1.625090e+01
+0.000000e+00 +0.000000e+00 +5.000000e+00 +3.500921e+00
+0.000000e+00 +0.000000e+00 +5.000000e+01 +8.789531e+00
+0.000000e+00 +0.000000e+00 +1.000000e+02 +1.610161e-01
+0.000000e+00 +0.000000e+00 +5.000000e+02 +3.210168e-02

+0.000000e+00 +0.000000e+00 +1.000000e+00 +1.465817e+01
+0.000000e+00 +0.000000e+00 +5.000000e+00 +3.074418e+00
+0.000000e+00 +0.000000e+00 +5.000000e+01 +2.996559e-01
+0.000000e+00 +0.000000e+00 +1.000000e+02 +1.473057e-01
+0.000000e+00 +0.000000e+00 +5.000000e+02 +2.896904e-02

+0.000000e+00 +0.000000e+00 +1.000000e+00 +1.611611e+01
+0.000000e+00 +0.000000e+00 +5.000000e+00 +3.367064e+00
+0.000000e+00 +0.000000e+00 +5.000000e+01 +3.107537e-01
+0.000000e+00 +0.000000e+00 +1.000000e+02 +1.582873e-01
+0.000000e+00 +0.000000e+00 +5.000000e+02 +3.163482e-02

+0.000000e+00 +0.000000e+00 +1.000000e+00 +1.465817e+01
+0.000000e+00 +0.000000e+00 +5.000000e+00 +3.074418e+00
+0.000000e+00 +0.000000e+00 +5.000000e+01 +2.996559e-01
+0.000000e+00 +0.000000e+00 +1.000000e+02 +1.473057e-01
+0.000000e+00 +0.000000e+00 +5.000000e+02 +2.896904e-02

+0.000000e+00 +0.000000e+00 +1.000000e+00 +1.611611e+01
+0.000000e+00 +0.000000e+00 +5.000000e+00 +3.367064e+00
+0.000000e+00 +0.000000e+00 +5.000000e+01 +3.107537e-01
+0.000000e+00 +0.000000e+00 +1.000000e+02 +1.582873e-01
+0.000000e+00 +0.000000e+00 +5.000000e+02 +3.163482e-02

+0.000000e+00 +0.000000e+00 +1.000000e+00 +1.594103e+01
+0.000000e+00 +0.000000e+00 +5.000000e+00 +3.192992e+00
+0.000000e+00 +0.000000e+00 +5.000000e+01 +3.183404e-01
+0.000000e+00 +0.000000e+00 +1.000000e+02 +1.598808e-01
+0.000000e+00 +0.000000e+00 +5.000000e+02 +3.185950e-02

+0.000000e+00 +0.000000e+00 +1.000000e+00 +1.594222e+01
+0.000000e+00 +0.000000e+00 +5.000000e+00 +3.194185e+00
+0.000000e+00 +0.000000e+00 +5.000000e+01 +3.183370e-01
+0.000000e+00 +0.000000e+00 +1.000000e+02 +1.598788e-01
+0.000000e+00 +0.000000e+00 +5.000000e+02 +3.185881e-02

+0.000000e+00 +0.000000e+00 +1.000000e+00 +1.594222e+01
+0.000000e+00 +0.000000e+00 +5.000000e+00 +3.194179e+00
+0.000000e+00 +0.000000e+00 +5.000000e+01 +3.183369e-01
+0.000000e+00 +0.000000e+00 +1.000000e+02 +1.598788e-01
+0.000000e+00 +0.000000e+00 +5.000000e+02 +3.185879e-02

+0.000000e+00 +0.000000e+00 +1.000000e+00 +1.575967e+01
+0.000000e+00 +0.000000e+00 +5.000000e+00 +3.011405e+00
+0.000000e+00 +0.000000e+00 +5.000000e+01 +3.188516e-01
+0.000000e+00 +0.000000e+00 +1.000000e+02 +1.601878e-01
+0.000000e+00 +0.000000e+00 +5.000000e+02 +3.196559e-02

+0.000000e+00 +0.000000e+00 +1.000000e+00 +1.486294e+01
+0.000000e+00 +0.000000e+00 +5.000000e+00 +3.281092e+00
+0.000000e+00 +0.000000e+00 +5.000000e+01 +3.065691e-01
+0.000000e+00 +0.000000e+00 +1.000000e+02 +1.492607e-01
+0.000000e+00 +0.000000e+00 +5.000000e+02 +2.932799e-02

+0.000000e+00 +0.000000e+00 +1.000000e+00 +1.633075e+01
+0.000000e+00 +0.000000e+00 +5.000000e+00 +3.583683e+00
+0.000000e+00 +0.000000e+00 +5.000000e+01 +3.180085e-01
+0.000000e+00 +0.000000e+00 +1.000000e+02 +1.603272e-01
+0.000000e+00 +0.000000e+00 +5.000000e+02 +3.201067e-02

+0.000000e+00 +0.000000e+00 +1.000000e+00 +1.607805e+01
+0.000000e+00 +0.000000e+00 +5.000000e+00 +3.330228e+00
+0.000000e+00 +0.000000e+00 +5.000000e+01 +3.095430e-01
+0.000000e+00 +0.000000e+00 +1.000000e+02 +1.581795e-01
+0.000000e+00 +0.000000e+00 +5.000000e+02 +3.163467e-02

+0.000000e+00 +0.000000e+00 +1.000000e+00 +1.607731e+01
+0.000000e+00 +0.000000e+00 +5.000000e+00 +3.329489e+00
+0.000000e+00 +0.000000e+00 +5.000000e+01 +3.096187e-01
+0.000000e+00 +0.000000e+00 +1.000000e+02 +1.581943e-01
+0.000000e+00 +0.000000e+00 +5.000000e+02 +3.163668e-02

+0.000000e+00 +0.000000e+00 +1.000000e+00 +1.606917e+01
+0.000000e+00 +0.000000e+00 +5.000000e+00 +3.321329e+00
+0.000000e+00 +0.000000e+00 +5.000000e+01 +3.095777e-01
+0.000000e+00 +0.000000e+00 +1.000000e+02 +1.581855e-01
+0.000000e+00 +0.000000e+00 +5.000000e+02 +3.163529e-02

+0.000000e+00 +0.000000e+00 +1.000000e+00 +1.507449e+01
+0.000000e+00 +0.000000e+00 +5.000000e+00 +3.492147e+00
+0.000000e+00 +0.000000e+00 +5.000000e+01 +2.998427e-01
+0.000000e+00 +0.000000e+00 +1.000000e+02 +1.474487e-01
+0.000000e+00 +0.000000e+00 +5.000000e+02 +2.899609e-02

+0.000000e+00 +0.000000e+00 +1.000000e+00 +1.654274e+01
+0.000000e+00 +0.000000e+00 +5.000000e+00 +3.795130e+00
+0.000000e+00 +0.000000e+00 +5.000000e+01 +3.110742e-01
+0.000000e+00 +0.000000e+00 +1.000000e+02 +1.584725e-01
+0.000000e+00 +0.000000e+00 +5.000000e+02 +3.167252e-02

+0.000000e+00 +0.000000e+00 +1.000000e+00 +1.646258e+01
+0.000000e+00 +0.000000e+00 +5.000000e+00 +3.714737e+00
+0.000000e+00 +0.000000e+00 +5.000000e+01 +3.098888e-01
+0.000000e+00 +0.000000e+00 +1.000000e+02 +1.582511e-01
+0.000000e+00 +0.000000e+00 +5.000000e+02 +3.164437e-02

+0.000000e+00 +0.000000e+00 +1.000000e+00 +1.646085e+01
+0.000000e+00 +0.000000e+00 +5.000000e+00 +3.713005e+00
+0.000000e+00 +0.000000e+00 +5.000000e+01 +3.099576e-01
+0.000000e+00 +0.000000e+00 +1.000000e+02 +1.582639e-01
+0.000000e+00 +0.000000e+00 +5.000000e+02 +3.164600e-02

+0.000000e+00 +0.000000e+00 +1.000000e+00 +1.642986e+01
+0.000000e+00 +0.000000e+00 +5.000000e+00 +3.682001e+00
+0.000000e+00 +0.000000e+00 +5.000000e+01 +3.099034e-01
+0.000000e+00 +0.000000e+00 +1.000000e+02 +1.582537e-01
+0.000000e+00 +0.000000e+00 +5.000000e+02 +3.164468e-02

+0.000000e+00 +0.000000e+00 +1.000000e+00 +1.492120e+01
+0.000000e+00 +0.000000e+00 +5.000000e+00 +3.339062e+00
+0.000000e+00 +0.000000e+00 +5.000000e+01 +2.978170e-01
+0.000000e+00 +0.000000e+00 +1.000000e+02 +1.466970e-01
+0.000000e+00 +0.000000e+00 +5.000000e+02 +2.900362e-02

+0.000000e+00 +0.000000e+00 +1.000000e+00 +1.638848e+01
+0.000000e+00 +0.000000e+00 +5.000000e+00 +3.641080e+00
+0.000000e+00 +0.000000e+00 +5.000000e+01 +3.076425e-01
+0.000000e+00 +0.000000e+00 +1.000000e+02 +1.585588e-01
+0.000000e+00 +0.000000e+00 +5.000000e+02 +3.169552e-02

+0.000000e+00 +0.000000e+00 +1.000000e+00 +1.631614e+01
+0.000000e+00 +0.000000e+00 +5.000000e+00 +3.568358e+00
+0.000000e+00 +0.000000e+00 +5.000000e+01 +3.051267e-01
+0.000000e+00 +0.000000e+00 +1.000000e+02 +1.582403e-01
+0.000000e+00 +0.000000e+00 +5.000000e+02 +3.165571e-02

+0.000000e+00 +0.000000e+00 +1.000000e+00 +1.631490e+01
+0.000000e+00 +0.000000e+00 +5.000000e+00 +3.567115e+00
+0.000000e+00 +0.000000e+00 +5.000000e+01 +3.052190e-01
+0.000000e+00 +0.000000e+00 +1.000000e+02 +1.582517e-01
+0.000000e+00 +0.000000e+00 +5.000000e+02 +3.165708e-02

+0.000000e+00 +0.000000e+00 +1.000000e+00 +1.629292e+01
+0.000000e+00 +0.000000e+00 +5.000000e+00 +3.545120e+00
+0.000000e+00 +0.000000e+00 +5.000000e+01 +3.051538e-01
+0.000000e+00 +0.000000e+00 +1.000000e+02 +1.582436e-01
+0.000000e+00 +0.000000e+00 +5.000000e+02 +3.165608e-02

+0.000000e+00 +0.000000e+00 +1.000000e+00 +1.520917e+01
+0.000000e+00 +0.000000e+00 +5.000000e+00 +3.626766e+00
+0.000000e+00 +0.000000e+00 +5.000000e+01 +2.999385e-01
+0.000000e+00 +0.000000e+00 +1.000000e+02 +1.474660e-01
+0.000000e+00 +0.000000e+00 +5.000000e+02 +2.899803e-02

+0.000000e+00 +0.000000e+00 +1.000000e+00 +1.667846e+01
+0.000000e+00 +0.000000e+00 +5.000000e+00 +3.930790e+00
+0.000000e+00 +0.000000e+00 +5.000000e+01 +3.111706e-01
+0.000000e+00 +0.000000e+00 +1.000000e+02 +1.584899e-01
+0.000000e+00 +0.000000e+00 +5.000000e+02 +3.167448e-02

+0.000000e+00 +0.000000e+00 +1.000000e+00 +1.666933e+01
+0.000000e+00 +0.000000e+00 +5.000000e+00 +3.921479e+00
+0.000000e+00 +0.000000e+00 +5.000000e+01 +3.100481e-01
+0.000000e+00 +0.000000e+00 +1.000000e+02 +1.582822e-01
+0.000000e+00 +0.000000e+00 +5.000000e+02 +3.164855e-02

+0.000000e+00 +0.000000e+00 +1.000000e+00 +1.666717e+01
+0.000000e+00 +0.000000e+00 +5.000000e+00 +3.919317e+00
+0.000000e+00 +0.000000e+00 +5.000000e+01 +3.101166e-01
+0.000000e+00 +0.000000e+00 +1.000000e+02 +1.582950e-01
+0.000000e+00 +0.000000e+00 +5.000000e+02 +3.165017e-02

+0.000000e+00 +0.000000e+00 +1.000000e+00 +1.662748e+01
+0.000000e+00 +0.000000e+00 +5.000000e+00 +3.879609e+00
+0.000000e+00 +0.000000e+00 +5.000000e+01 +3.100557e-01
+0.000000e+00 +0.000000e+00 +1.000000e+02 +1.582834e-01
+0.000000e+00 +0.000000e+00 +5.000000e+02 +3.164867e-02

+0.000000e+00 +0.000000e+00 +1.000000e+00 +1.513363e+01
+0.000000e+00 +0.000000e+00 +5.000000e+00 +3.561038e+00
+0.000000e+00 +0.000000e+00 +5.000000e+01 +1.161691e-01
+0.000000e+00 +0.000000e+00 +1.000000e+02 +7.816157e-02
+0.000000e+00 +0.000000e+00 +5.000000e+02 +2.613898e-02

+0.000000e+00 +0.000000e+00 +1.000000e+00 +1.663312e+01
+0.000000e+00 +0.000000e+00 +5.000000e+00 +3.896064e+00
+0.000000e+00 +0.000000e+00 +5.000000e+01 +1.085900e-01
+0.000000e+00 +0.000000e+00 +1.000000e+02 +8.015087e-02
+0.000000e+00 +0.000000e+00 +5.000000e+02 +2.782310e-02

+0.000000e+00 +0.000000e+00 +1.000000e+00 +1.657680e+01
+0.000000e+00 +0.000000e+00 +5.000000e+00 +3.839806e+00
+0.000000e+00 +0.000000e+00 +5.000000e+01 +1.182960e-01
+0.000000e+00 +0.000000e+00 +1.000000e+02 +8.709563e-02
+0.000000e+00 +0.000000e+00 +5.000000e+02 +2.837824e-02

+0.000000e+00 +0.000000e+00 +1.000000e+00 +1.652709e+01
+0.000000e+00 +0.000000e+00 +5.000000e+00 +3.789569e+00
+0.000000e+00 +0.000000e+00 +5.000000e+01 +1.350851e-01
+0.000000e+00 +0.000000e+00 +1.000000e+02 +9.319438e-02
+0.000000e+00 +0.000000e+00 +5.000000e+02 +2.864896e-02

+0.000000e+00 +0.000000e+00 +1.000000e+00 +1.666965e+01
+0.000000e+00 +0.000000e+00 +5.000000e+00 +3.932876e+00
+0.000000e+00 +0.000000e+00 +5.000000e+01 +9.153632e-02
+0.000000e+00 +0.000000e+00 +1.000000e+02 +7.455625e-02
+0.000000e+00 +0.000000e+00 +5.000000e+02 +2.772956e-02

+0.000000e+00 +0.000000e+00 +1.000000e+00 +1.513077e+01
+0.000000e+00 +0.000000e+00 +5.000000e+00 +3.558266e+00
+0.000000e+00 +0.000000e+00 +5.000000e+01 +1.140642e-01
+0.000000e+00 +0.000000e+00 +1.000000e+02 +7.845137e-02
+0.000000e+00 +0.000000e+00 +5.000000e+02 +2.624419e-02

+0.000000e+00 +0.000000e+00 +1.000000e+00 +1.662141e+01
+0.000000e+00 +0.000000e+00 +5.000000e+00 +3.884369e+00
+0.000000e+00 +0.000000e+00 +5.000000e+01 +1.106709e-01
+0.000000e+00 +0.000000e+00 +1.000000e+02 +8.162402e-02
+0.000000e+00 +0.000000e+00 +5.000000e+02 +2.795461e-02

+0.000000e+00 +0.000000e+00 +1.000000e+00 +1.658072e+01
+0.000000e+00 +0.000000e+00 +5.000000e+00 +3.843722e+00
+0.000000e+00 +0.000000e+00 +5.000000e+01 +1.177382e-01
+0.000000e+00 +0.000000e+00 +1.000000e+02 +8.670829e-02
+0.000000e+00 +0.000000e+00 +5.000000e+02 +2.835572e-02

+0.000000e+00 +0.000000e+00 +1.000000e+00 +1.654305e+01
+0.000000e+00 +0.000000e+00 +5.000000e+00 +3.805600e+00
+0.000000e+00 +0.000000e+00 +5.000000e+01 +1.311361e-01
+0.000000e+00 +0.000000e+00 +1.000000e+02 +9.147750e-02
+0.000000e+00 +0.000000e+00 +5.000000e+02 +2.856439e-02

+0.000000e+00 +0.000000e+00 +1.000000e+00 +1.664352e+01
+0.000000e+00 +0.000000e+00 +5.000000e+00 +3.906510e+00
+0.000000e+00 +0.000000e+00 +5.000000e+01 +9.801212e-02
+0.000000e+00 +0.000000e+00 +1.000000e+02 +7.755954e-02
+0.000000e+00 +0.000000e+00 +5.000000e+02 +2.788379e-02

+0.000000e+00 +0.000000e+00 +1.000000e+00 +1.516321e+01
+0.000000e+00 +0.000000e+00 +5.000000e+00 +3.591222e+00
+0.000000e+00 +0.000000e+00 +5.000000e+01 +1.012258e-01
+0.000000e+00 +0.000000e+00 +1.000000e+02 +7.406904e-02
+0.000000e+00 +0.000000e+00 +5.000000e+02 +2.602385e-02

+0.000000e+00 +0.000000e+00 +1.000000e+00 +1.662137e+01
+0.000000e+00 +0.000000e+00 +5.000000e+00 +3.884314e+00
+0.000000e+00 +0.000000e+00 +5.000000e+01 +1.105544e-01
+0.000000e+00 +0.000000e+00 +1.000000e+02 +8.161871e-02
+0.000000e+00 +0.000000e+00 +5.000000e+02 +2.795460e-02

+0.000000e+00 +0.000000e+00 +1.000000e+00 +1.658119e+01
+0.000000e+00 +0.000000e+00 +5.000000e+00 +3.844204e+00
+0.000000e+00 +0.000000e+00 +5.000000e+01 +1.172887e-01
+0.000000e+00 +0.000000e+00 +1.000000e+02 +8.663333e-02
+0.000000e+00 +0.000000e+00 +5.000000e+02 +2.835458e-02

+0.000000e+00 +0.000000e+00 +1.000000e+00 +1.654599e+01
+0.000000e+00 +0.000000e+00 +5.000000e+00 +3.808697e+00
+0.000000e+00 +0.000000e+00 +5.000000e+01 +1.285692e-01
+0.000000e+00 +0.000000e+00 +1.000000e+02 +9.106968e-02
+0.000000e+00 +0.000000e+00 +5.000000e+02 +2.855877e-02

+0.000000e+00 +0.000000e+00 +1.000000e+00 +1.664352e+01
+0.000000e+00 +0.000000e+00 +5.000000e+00 +3.906510e+00
+0.000000e+00 +0.000000e+00 +5.000000e+01 +9.801219e-02
+0.000000e+00 +0.000000e+00 +1.000000e+02 +7.755954e-02
+0.000000e+00 +0.000000e+00 +5.000000e+02 +2.788379e-02

+0.000000e+00 +0.000000e+00 +1.000000e+00 +1.516321e+01
+0.000000e+00 +0.000000e+00 +5.000000e+00 +3.591222e+00
+0.000000e+00 +0.000000e+00 +5.000000e+01 +1.012258e-01
+0.000000e+00 +0.000000e+00 +1.000000e+02 +7.406904e-02
+0.000000e+00 +0.000000e+00 +5.000000e+02 +2.602385e-02

+0.000000e+00 +0.000000e+00 +1.000000e+00 +1.662137e+01
+0.000000e+00 +0.000000e+00 +5.000000e+00 +3.884314e+00
+0.000000e+00 +0.000000e+00 +5.000000e+01 +1.105544e-01
+0.000000e+00 +0.000000e+00 +1.000000e+02 +8.161871e-02
+0.000000e+00 +0.000000e+00 +5.000000e+02 +2.795460e-02

+0.000000e+00 +0.000000e+00 +1.000000e+00 +1.658119e+01
+0.000000e+00 +0.000000e+00 +5.000000e+00 +3.844204e+00
+0.000000e+00 +0.000000e+00 +5.000000e+01 +1.172887e-01
+0.000000e+00 +0.000000e+00 +1.000000e+02 +8.663333e-02
+0.000000e+00 +0.000000e+00 +5.000000e+02 +2.835458e-02

+0.000000e+00 +0.000000e+00 +1.000000e+00 +1.654599e+01
+0.000000e+00 +0.000000e+00 +5.000000e+00 +3.808697e+00
+0.000000e+00 +0.000000e+00 +5.000000e+01 +1.285692e-01
+0.000000e+00 +0.000000e+00 +1.000000e+02 +9.106968e-02
+0.000000e+00 +0.000000e+00 +5.000000e+02 +2.855877e-02

+0.000000e+00 +0.000000e+00 +1.000000e+00 +1.664352e+01
+0.000000e+00 +0.000000e+00 +5.000000e+00 +3.906510e+00
+0.000000e+00 +0.000000e+00 +5.000000e+01 +9.801219e-02
+0.000000e+00 +0.000000e+00 +1.000000e+02 +7.755954e-02
+0.000000e+00 +0.000000e+00 +5.000000e+02 +2.788379e-02

+0.000000e+00 +0.000000e+00 +1.000000e+00 +1.516321e+01
+0.000000e+00 +0.000000e+00 +5.000000e+00 +3.591222e+00
+0.000000e+00 +0.000000e+00 +5.000000e+01 +1.012258e-01
+0.000000e+00 +0.000000e+00 +1.000000e+02 +7.406904e-02
+0.000000e+00 +0.000000e+00 +5.000000e+02 +2.602385e-02

+0.000000e+00 +0.000000e+00 +1.000000e+00 +1.662137e+01
+0.000000e+00 +0.000000e+00 +5.000000e+00 +3.884314e+00
+0.000000e+00 +0.000000e+00 +5.000000e+01 +1.105544e-01
+0.000000e+00 +0.000000e+00 +1.000000e+02 +8.161871e-02
+0.000000e+00 +0.000000e+00 +5.000000e+02 +2.795460e-02

+0.000000e+00 +0.000000e+00 +1.000000e+00 +1.658119e+01
+0.000000e+00 +0.000000e+00 +5.000000e+00 +3.844204e+00
+0.000000e+00 +0.000000e+00 +5.000000e+01 +1.172887e-01
+0.000000e+00 +0.000000e+00 +1.000000e+02 +8.663333e-02
+0.000000e+00 +0.000000e+00 +5.000000e+02 +2.835458e-02

+0.000000e+00 +0.000000e+00 +1.000000e+00 +1.654599e+01
+0.000000e+00 +0.000000e+00 +5.000000e+00 +3.808697e+00
+0.000000e+00 +0.000000e+00 +5.000000e+01 +1.285692e-01
+0.000000e+00 +0.000000e+00 +1.000000e+02 +9.106968e-02
+0.000000e+00 +0.000000e+00 +5.000000e+02 +2.855877e-02

+0.000000e+00 +0.000000e+00 +1.000000e+00 +1.664352e+01
+0.000000e+00 +0.000000e+00 +5.000000e+00 +3.906510e+00
+0.000000e+00 +0.000000e+00 +5.000000e+01 +9.801219e-02
+0.000000e+00 +0.000000e+00 +1.000000e+02 +7.755954e-02
+0.000000e+00 +0.000000e+00 +5.000000e+02 +2.788379e-02

+0.000000e+00 +0.000000e+00 +1.000000e+00 +1.516321e+01
+0.000000e+00 +0.000000e+00 +5.000000e+00 +3.591222e+00
+0.000000e+00 +0.000000e+00 +5.000000e+01 +1.012258e-01
+0.000000e+00 +0.000000e+00 +1.000000e+02 +7.406904e-02
+0.000000e+00 +0.000000e+00 +5.000000e+02 +2.602385e-02

+0.000000e+00 +0.000000e+00 +1.000000e+00 +1.662137e+01
+0.000000e+00 +0.000000e+00 +5.000000e+00 +3.884314e+00
+0.000000e+00 +0.000000e+00 +5.000000e+01 +1.105544e-01
+0.000000e+00 +0.000000e+00 +1.000000e+02 +8.161871e-02
+0.000000e+00 +0.000000e+00 +5.000000e+02 +2.795460e-02

+0.000000e+00 +0.000000e+00 +1.000000e+00 +1.658119e+01
+0.000000e+00 +0.000000e+00 +5.000000e+00 +3.844204e+00
+0.000000e+00 +0.000000e+00 +5.000000e+01 +1.172887e-01
+0.000000e+00 +0.000000e+00 +1.000000e+02 +8.663333e-02
+0.000000e+00 +0.000000e+00 +5.000000e+02 +2.835458e-02

+0.000000e+00 +0.000000e+00 +1.000000e+00 +1.654599e+01
+0.000000e+00 +0.000000e+00 +5.000000e+00 +3.808697e+00
+0.000000e+00 +0.000000e+00 +5.000000e+01 +1.285692e-01
+0.000000e+00 +0.000000e+00 +1.000000e+02 +9.106968e-02
+0.000000e+00 +0.000000e+00 +5.000000e+02 +2.855877e-02

+0.000000e+00 +0.000000e+00 +1.000000e+00 +1.664352e+01
+0.000000e+00 +0.000000e+00 +5.000000e+00 +3.906510e+00
+0.000000e+00 +0.000000e+00 +5.000000e+01 +9.801219e-02
+0.000000e+00 +0.000000e+00 +1.000000e+02 +7.755954e-02
+0.000000e+00 +0.000000e+00 +5.000000e+02 +2.788379e-02

+0.000000e+00 +0.000000e+00 +1.000000e+00 +1.522215e+01
+0.000000e+00 +0.000000e+00 +5.000000e+00 +3.650306e+00
+0.000000e+00 +0.000000e+00 +5.000000e+01 +8.233006e-02
+0.000000e+00 +0.000000e+00 +1.000000e+02 +6.621698e-02
+0.000000e+00 +0.000000e+00 +5.000000e+02 +2.561472e-02

+0.000000e+00 +0.000000e+00 +1.000000e+00 +1.661319e+01
+0.000000e+00 +0.000000e+00 +5.000000e+00 +3.876143e+00
+0.000000e+00 +0.000000e+00 +5.000000e+01 +1.120153e-01
+0.000000e+00 +0.000000e+00 +1.000000e+02 +8.265674e-02
+0.000000e+00 +0.000000e+00 +5.000000e+02 +2.804513e-02

+0.000000e+00 +0.000000e+00 +1.000000e+00 +1.658290e+01
+0.000000e+00 +0.000000e+00 +5.000000e+00 +3.845909e+00
+0.000000e+00 +0.000000e+00 +5.000000e+01 +1.169663e-01
+0.000000e+00 +0.000000e+00 +1.000000e+02 +8.640156e-02
+0.000000e+00 +0.000000e+00 +5.000000e+02 +2.834876e-02

+0.000000e+00 +0.000000e+00 +1.000000e+00 +1.655573e+01
+0.000000e+00 +0.000000e+00 +5.000000e+00 +3.818501e+00
+0.000000e+00 +0.000000e+00 +5.000000e+01 +1.257026e-01
+0.000000e+00 +0.000000e+00 +1.000000e+02 +8.979679e-02
+0.000000e+00 +0.000000e+00 +5.000000e+02 +2.850514e-02

+0.000000e+00 +0.000000e+00 +1.000000e+00 +1.662604e+01
+0.000000e+00 +0.000000e+00 +5.000000e+00 +3.888849e+00
+0.000000e+00 +0.000000e+00 +5.000000e+01 +1.023565e-01
+0.000000e+00 +0.000000e+00 +1.000000e+02 +7.942452e-02
+0.000000e+00 +0.000000e+00 +5.000000e+02 +2.793534e-02

