+0.000000e+00 +0.000000e+00 +1.000000e+00 +1.351009e+01
+0.000000e+00 +0.000000e+00 +5.000000e+00 +2.099149e+00
+0.000000e+00 +0.000000e+00 +5.000000e+01 +1.877496e-01
+0.000000e+00 +0.000000e+00 +1.000000e+02 +1.184765e-01
+0.000000e+00 +0.000000e+00 +5.000000e+02 +3.227075e-02

+0.000000e+00 +0.000000e+00 +1.000000e+00 +1.471391e+01
+0.000000e+00 +0.000000e+00 +5.000000e+00 +2.090073e+00
+0.000000e+00 +0.000000e+00 +5.000000e+01 +1.928363e-01
+0.000000e+00 +0.000000e+00 +1.000000e+02 +1.242424e-01
+0.000000e+00 +0.000000e+00 +5.000000e+02 +3.420997e-02

+0.000000e+00 +0.000000e+00 +1.000000e+00 +1.538274e+01
+0.000000e+00 +0.000000e+00 +5.000000e+00 +2.771864e+00
+0.000000e+00 +0.000000e+00 +5.000000e+01 +1.900244e-01
+0.000000e+00 +0.000000e+00 +1.000000e+02 +1.219316e-01
+0.000000e+00 +0.000000e+00 +5.000000e+02 +3.353947e-02

+0.000000e+00 +0.000000e+00 +1.000000e+00 +1.583231e+01
+0.000000e+00 +0.000000e+00 +5.000000e+00 +3.217159e+00
+0.000000e+00 +0.000000e+00 +5.000000e+01 +1.833852e-01
+0.000000e+00 +0.000000e+00 +1.000000e+02 +1.190415e-01
+0.000000e+00 +0.000000e+00 +5.000000e+02 +3.260393e-02

+0.000000e+00 +0.000000e+00 +1.000000e+00 +1.580251e+01
+0.000000e+00 +0.000000e+00 +5.000000e+00 +3.181540e+00
+0.000000e+00 +0.000000e+00 +5.000000e+01 +1.845690e-01
+0.000000e+00 +0.000000e+00 +1.000000e+02 +1.195710e-01
+0.000000e+00 +0.000000e+00 +5.000000e+02 +3.271102e-02

+0.000000e+00 +0.000000e+00 +1.000000e+00 +1.580251e+01
+0.000000e+00 +0.000000e+00 +5.000000e+00 +3.181540e+00
+0.000000e+00 +0.000000e+00 +5.000000e+01 +1.845690e-01
+0.000000e+00 +0.000000e+00 +1.000000e+02 +1.195710e-01
+0.000000e+00 +0.000000e+00 +5.000000e+02 +3.271102e-02

+0.000000e+00 +0.000000e+00 +1.000000e+00 +1.723465e+01
+0.000000e+00 +0.000000e+00 +5.000000e+00 +4.484237e+00
+0.000000e+00 +0.000000e+00 +5.000000e+01 +1.495450e-01
+0.000000e+00 +0.000000e+00 +1.000000e+02 +1.046876e-01
+0.000000e+00 +0.000000e+00 +5.000000e+02 +3.001621e-02

+0.000000e+00 +0.000000e+00 +1.000000e+00 +1.809373e+01
+0.000000e+00 +0.000000e+00 +5.000000e+00 +5.198501e+00
+0.000000e+00 +0.000000e+00 +5.000000e+01 +1.498644e-01
+0.000000e+00 +0.000000e+00 +1.000000e+02 +1.058870e-01
+0.000000e+00 +0.000000e+00 +5.000000e+02 +3.035780e-02

+0.000000e+00 +0.000000e+00 +1.000000e+00 +1.860387e+01
+0.000000e+00 +0.000000e+00 +5.000000e+00 +5.130450e+00
+0.000000e+00 +0.000000e+00 +5.000000e+01 +1.498611e-01
+0.000000e+00 +0.000000e+00 +1.000000e+02 +1.058863e-01
+0.000000e+00 +0.000000e+00 +5.000000e+02 +3.035776e-02

+0.000000e+00 +0.000000e+00 +1.000000e+00 +1.662272e+01
+0.000000e+00 +0.000000e+00 +5.000000e+00 +3.713397e+00
+0.000000e+00 +0.000000e+00 +5.000000e+01 +2.122623e-01
+0.000000e+00 +0.000000e+00 +1.000000e+02 +1.258145e-01
+0.000000e+00 +0.000000e+00 +5.000000e+02 +3.229999e-02

+0.000000e+00 +0.000000e+00 +1.000000e+00 +1.723727e+01
+0.000000e+00 +0.000000e+00 +5.000000e+00 +4.425036e+00
+0.000000e+00 +0.000000e+00 +5.000000e+01 +1.579457e-01
+0.000000e+00 +0.000000e+00 +1.000000e+02 +1.069313e-01
+0.000000e+00 +0.000000e+00 +5.000000e+02 +3.012911e-02

+0.000000e+00 +0.000000e+00 +1.000000e+00 +1.723585e+01
+0.000000e+00 +0.000000e+00 +5.000000e+00 +4.631329e+00
+0.000000e+00 +0.000000e+00 +5.000000e+01 +1.550163e-01
+0.000000e+00 +0.000000e+00 +1.000000e+02 +1.061091e-01
+0.000000e+00 +0.000000e+00 +5.000000e+02 +3.022675e-02

+0.000000e+00 +0.000000e+00 +1.000000e+00 +1.627509e+01
+0.000000e+00 +0.000000e+00 +5.000000e+00 +3.667833e+00
+0.000000e+00 +0.000000e+00 +5.000000e+01 +1.828156e-01
+0.000000e+00 +0.000000e+00 +1.000000e+02 +1.179055e-01
+0.000000e+00 +0.000000e+00 +5.000000e+02 +3.239332e-02

+0.000000e+00 +0.000000e+00 +1.000000e+00 +1.507712e+01
+0.000000e+00 +0.000000e+00 +5.000000e+00 +2.459572e+00
+0.000000e+00 +0.000000e+00 +5.000000e+01 +1.930955e-01
+0.000000e+00 +0.000000e+00 +1.000000e+02 +1.235997e-01
+0.000000e+00 +0.000000e+00 +5.000000e+02 +3.389227e-02

+0.000000e+00 +0.000000e+00 +1.000000e+00 +1.676627e+01
+0.000000e+00 +0.000000e+00 +5.000000e+00 +4.046422e+00
+0.000000e+00 +0.000000e+00 +5.000000e+01 +1.505165e-01
+0.000000e+00 +0.000000e+00 +1.000000e+02 +1.047932e-01
+0.000000e+00 +0.000000e+00 +5.000000e+02 +3.002644e-02

+0.000000e+00 +0.000000e+00 +1.000000e+00 +1.465572e+01
+0.000000e+00 +0.000000e+00 +5.000000e+00 +2.031505e+00
+0.000000e+00 +0.000000e+00 +5.000000e+01 +1.774935e-01
+0.000000e+00 +0.000000e+00 +1.000000e+02 +1.167107e-01
+0.000000e+00 +0.000000e+00 +5.000000e+02 +3.245610e-02

+0.000000e+00 +0.000000e+00 +1.000000e+00 +1.541863e+01
+0.000000e+00 +0.000000e+00 +5.000000e+00 +2.806868e+00
+0.000000e+00 +0.000000e+00 +5.000000e+01 +2.047988e-01
+0.000000e+00 +0.000000e+00 +1.000000e+02 +1.285711e-01
+0.000000e+00 +0.000000e+00 +5.000000e+02 +3.481153e-02

+0.000000e+00 +0.000000e+00 +1.000000e+00 +1.441778e+01
+0.000000e+00 +0.000000e+00 +5.000000e+00 +1.793633e+00
+0.000000e+00 +0.000000e+00 +5.000000e+01 +2.028812e-01
+0.000000e+00 +0.000000e+00 +1.000000e+02 +1.308988e-01
+0.000000e+00 +0.000000e+00 +5.000000e+02 +3.634019e-02

+0.000000e+00 +0.000000e+00 +1.000000e+00 +1.538274e+01
+0.000000e+00 +0.000000e+00 +5.000000e+00 +2.771864e+00
+0.000000e+00 +0.000000e+00 +5.000000e+01 +1.900244e-01
+0.000000e+00 +0.000000e+00 +1.000000e+02 +1.219316e-01
+0.000000e+00 +0.000000e+00 +5.000000e+02 +3.353947e-02

+0.000000e+00 +0.000000e+00 +1.000000e+00 +1.565364e+01
+0.000000e+00 +0.000000e+00 +5.000000e+00 +3.047766e+00
+0.000000e+00 +0.000000e+00 +5.000000e+01 +1.961967e-01
+0.000000e+00 +0.000000e+00 +1.000000e+02 +1.244546e-01
+0.000000e+00 +0.000000e+00 +5.000000e+02 +3.398577e-02

+0.000000e+00 +0.000000e+00 +1.000000e+00 +1.404644e+01
+0.000000e+00 +0.000000e+00 +5.000000e+00 +1.414681e+00
+0.000000e+00 +0.000000e+00 +5.000000e+01 +1.584063e-01
+0.000000e+00 +0.000000e+00 +1.000000e+02 +1.096251e-01
+0.000000e+00 +0.000000e+00 +5.000000e+02 +3.276804e-02

+0.000000e+00 +0.000000e+00 +1.000000e+00 +1.490201e+01
+0.000000e+00 +0.000000e+00 +5.000000e+00 +3.461903e+00
+0.000000e+00 +0.000000e+00 +5.000000e+01 +1.503588e-01
+0.000000e+00 +0.000000e+00 +1.000000e+02 +1.023874e-01
+0.000000e+00 +0.000000e+00 +5.000000e+02 +2.912394e-02

+0.000000e+00 +0.000000e+00 +1.000000e+00 +1.713336e+01
+0.000000e+00 +0.000000e+00 +5.000000e+00 +5.805371e+00
+0.000000e+00 +0.000000e+00 +5.000000e+01 +1.688205e-01
+0.000000e+00 +0.000000e+00 +1.000000e+02 +1.090001e-01
+0.000000e+00 +0.000000e+00 +5.000000e+02 +2.975886e-02

+0.000000e+00 +0.000000e+00 +1.000000e+00 +1.413072e+01
+0.000000e+00 +0.000000e+00 +5.000000e+00 +2.900587e+00
+0.000000e+00 +0.000000e+00 +5.000000e+01 +1.849070e-01
+0.000000e+00 +0.000000e+00 +1.000000e+02 +1.150954e-01
+0.000000e+00 +0.000000e+00 +5.000000e+02 +3.099872e-02

+0.000000e+00 +0.000000e+00 +1.000000e+00 +1.413072e+01
+0.000000e+00 +0.000000e+00 +5.000000e+00 +2.900587e+00
+0.000000e+00 +0.000000e+00 +5.000000e+01 +1.849070e-01
+0.000000e+00 +0.000000e+00 +1.000000e+02 +1.150954e-01
+0.000000e+00 +0.000000e+00 +5.000000e+02 +3.099872e-02

+0.000000e+00 +0.000000e+00 +1.000000e+00 +1.413072e+01
+0.000000e+00 +0.000000e+00 +5.000000e+00 +2.900587e+00
+0.000000e+00 +0.000000e+00 +5.000000e+01 +1.849070e-01
+0.000000e+00 +0.000000e+00 +1.000000e+02 +1.150954e-01
+0.000000e+00 +0.000000e+00 +5.000000e+02 +3.099872e-02

+0.000000e+00 +0.000000e+00 +1.000000e+00 +1.413072e+01
+0.000000e+00 +0.000000e+00 +5.000000e+00 +2.900587e+00
+0.000000e+00 +0.000000e+00 +5.000000e+01 +1.849070e-01
+0.000000e+00 +0.000000e+00 +1.000000e+02 +1.150954e-01
+0.000000e+00 +0.000000e+00 +5.000000e+02 +3.099872e-02

+0.000000e+00 +0.000000e+00 +1.000000e+00 +1.538274e+01
+0.000000e+00 +0.000000e+00 +5.000000e+00 +2.771864e+00
+0.000000e+00 +0.000000e+00 +5.000000e+01 +1.900244e-01
+0.000000e+00 +0.000000e+00 +1.000000e+02 +1.219316e-01
+0.000000e+00 +0.000000e+00 +5.000000e+02 +3.353947e-02

+0.000000e+00 +0.000000e+00 +1.000000e+00 +1.413072e+01
+0.000000e+00 +0.000000e+00 +5.000000e+00 +2.900587e+00
+0.000000e+00 +0.000000e+00 +5.000000e+01 +1.849070e-01
+0.000000e+00 +0.000000e+00 +1.000000e+02 +1.150954e-01
+0.000000e+00 +0.000000e+00 +5.000000e+02 +3.099872e-02

+0.000000e+00 +0.000000e+00 +1.000000e+00 +1.413072e+01
+0.000000e+00 +0.000000e+00 +5.000000e+00 +2.900587e+00
+0.000000e+00 +0.000000e+00 +5.000000e+01 +1.849070e-01
+0.000000e+00 +0.000000e+00 +1.000000e+02 +1.150954e-01
+0.000000e+00 +0.000000e+00 +5.000000e+02 +3.099872e-02

+0.000000e+00 +0.000000e+00 +1.000000e+00 +1.413072e+01
+0.000000e+00 +0.000000e+00 +5.000000e+00 +2.900587e+00
+0.000000e+00 +0.000000e+00 +5.000000e+01 +1.849070e-01
+0.000000e+00 +0.000000e+00 +1.000000e+02 +1.150954e-01
+0.000000e+00 +0.000000e+00 +5.000000e+02 +3.099872e-02

+0.000000e+00 +0.000000e+00 +1.000000e+00 +1.413072e+01
+0.000000e+00 +0.000000e+00 +5.000000e+00 +2.900587e+00
+0.000000e+00 +0.000000e+00 +5.000000e+01 +1.849070e-01
+0.000000e+00 +0.000000e+00 +1.000000e+02 +1.150954e-01
+0.000000e+00 +0.000000e+00 +5.000000e+02 +3.099872e-02

+0.000000e+00 +0.000000e+00 +1.000000e+00 +1.413072e+01
+0.000000e+00 +0.000000e+00 +5.000000e+00 +2.900587e+00
+0.000000e+00 +0.000000e+00 +5.000000e+01 +1.849070e-01
+0.000000e+00 +0.000000e+00 +1.000000e+02 +1.150954e-01
+0.000000e+00 +0.000000e+00 +5.000000e+02 +3.099872e-02

+0.000000e+00 +0.000000e+00 +1.000000e+00 +1.538274e+01
+0.000000e+00 +0.000000e+00 +5.000000e+00 +2.771864e+00
+0.000000e+00 +0.000000e+00 +5.000000e+01 +1.900244e-01
+0.000000e+00 +0.000000e+00 +1.000000e+02 +1.219316e-01
+0.000000e+00 +0.000000e+00 +5.000000e+02 +3.353947e-02

+0.000000e+00 +0.000000e+00 +1.000000e+00 +1.412866e+01
+0.000000e+00 +0.000000e+00 +5.000000e+00 +2.896171e+00
+0.000000e+00 +0.000000e+00 +5.000000e+01 +1.849856e-01
+0.000000e+00 +0.000000e+00 +1.000000e+02 +1.151475e-01
+0.000000e+00 +0.000000e+00 +5.000000e+02 +3.099652e-02

+0.000000e+00 +0.000000e+00 +1.000000e+00 +1.537980e+01
+0.000000e+00 +0.000000e+00 +5.000000e+00 +2.768003e+00
+0.000000e+00 +0.000000e+00 +5.000000e+01 +1.900556e-01
+0.000000e+00 +0.000000e+00 +1.000000e+02 +1.219810e-01
+0.000000e+00 +0.000000e+00 +5.000000e+02 +3.353839e-02

+0.000000e+00 +0.000000e+00 +1.000000e+00 +1.414064e+01
+0.000000e+00 +0.000000e+00 +5.000000e+00 +2.903132e+00
+0.000000e+00 +0.000000e+00 +5.000000e+01 +1.850385e-01
+0.000000e+00 +0.000000e+00 +1.000000e+02 +1.151754e-01
+0.000000e+00 +0.000000e+00 +5.000000e+02 +3.101992e-02

+0.000000e+00 +0.000000e+00 +1.000000e+00 +1.539350e+01
+0.000000e+00 +0.000000e+00 +5.000000e+00 +2.774369e+00
+0.000000e+00 +0.000000e+00 +5.000000e+01 +1.901603e-01
+0.000000e+00 +0.000000e+00 +1.000000e+02 +1.220167e-01
+0.000000e+00 +0.000000e+00 +5.000000e+02 +3.356248e-02

+0.000000e+00 +0.000000e+00 +1.000000e+00 +1.414125e+01
+0.000000e+00 +0.000000e+00 +5.000000e+00 +2.903337e+00
+0.000000e+00 +0.000000e+00 +5.000000e+01 +1.850467e-01
+0.000000e+00 +0.000000e+00 +1.000000e+02 +1.151803e-01
+0.000000e+00 +0.000000e+00 +5.000000e+02 +3.102117e-02

+0.000000e+00 +0.000000e+00 +1.000000e+00 +1.539416e+01
+0.000000e+00 +0.000000e+00 +5.000000e+00 +2.774577e+00
+0.000000e+00 +0.000000e+00 +5.000000e+01 +1.901689e-01
+0.000000e+00 +0.000000e+00 +1.000000e+02 +1.220218e-01
+0.000000e+00 +0.000000e+00 +5.000000e+02 +3.356384e-02

+0.000000e+00 +0.000000e+00 +1.000000e+00 +1.414164e+01
+0.000000e+00 +0.000000e+00 +5.000000e+00 +2.903499e+00
+0.000000e+00 +0.000000e+00 +5.000000e+01 +1.850520e-01
+0.000000e+00 +0.000000e+00 +1.000000e+02 +1.151833e-01
+0.000000e+00 +0.000000e+00 +5.000000e+02 +3.102193e-02

+0.000000e+00 +0.000000e+00 +1.000000e+00 +1.539457e+01
+0.000000e+00 +0.000000e+00 +5.000000e+00 +2.774745e+00
+0.000000e+00 +0.000000e+00 +5.000000e+01 +1.901745e-01
+0.000000e+00 +0.000000e+00 +1.000000e+02 +1.220251e-01
+0.000000e+00 +0.000000e+00 +5.000000e+02 +3.356468e-02

+0.000000e+00 +0.000000e+00 +1.000000e+00 +1.413072e+01
+0.000000e+00 +0.000000e+00 +5.000000e+00 +2.900587e+00
+0.000000e+00 +0.000000e+00 +5.000000e+01 +1.849070e-01
+0.000000e+00 +0.000000e+00 +1.000000e+02 +1.150954e-01
+0.000000e+00 +0.000000e+00 +5.000000e+02 +3.099872e-02

+0.000000e+00 +0.000000e+00 +1.000000e+00 +1.538274e+01
+0.000000e+00 +0.000000e+00 +5.000000e+00 +2.771864e+00
+0.000000e+00 +0.000000e+00 +5.000000e+01 +1.900244e-01
+0.000000e+00 +0.000000e+00 +1.000000e+02 +1.219316e-01
+0.000000e+00 +0.000000e+00 +5.000000e+02 +3.353947e-02

+0.000000e+00 +0.000000e+00 +1.000000e+00 +1.413072e+01
+0.000000e+00 +0.000000e+00 +5.000000e+00 +2.900587e+00
+0.000000e+00 +0.000000e+00 +5.000000e+01 +1.849070e-01
+0.000000e+00 +0.000000e+00 +1.000000e+02 +1.150954e-01
+0.000000e+00 +0.000000e+00 +5.000000e+02 +3.099872e-02

+0.000000e+00 +0.000000e+00 +1.000000e+00 +1.538274e+01
+0.000000e+00 +0.000000e+00 +5.000000e+00 +2.771864e+00
+0.000000e+00 +0.000000e+00 +5.000000e+01 +1.900244e-01
+0.000000e+00 +0.000000e+00 +1.000000e+02 +1.219316e-01
+0.000000e+00 +0.000000e+00 +5.000000e+02 +3.353947e-02

+0.000000e+00 +0.000000e+00 +1.000000e+00 +1.479309e+01
+0.000000e+00 +0.000000e+00 +5.000000e+00 +3.208393e+00
+0.000000e+00 +0.000000e+00 +5.000000e+01 +8.899166e+00
+0.000000e+00 +0.000000e+00 +1.000000e+02 +1.536569e-01
+0.000000e+00 +0.000000e+00 +5.000000e+02 +2.934019e-02

+0.000000e+00 +0.000000e+00 +1.000000e+00 +1.625090e+01
+0.000000e+00 +0.000000e+00 +5.000000e+00 +3.500921e+00
+0.000000e+00 +0.000000e+00 +5.000000e+01 +8.789531e+00
+0.000000e+00 +0.000000e+00 +1.000000e+02 +1.610161e-01
+0.000000e+00 +0.000000e+00 +5.000000e+02 +3.210168e-02

+0.000000e+00 +0.000000e+00 +1.000000e+00 +1.479309e+01
+0.000000e+00 +0.000000e+00 +5.000000e+00 +3.208393e+00
+0.000000e+00 +0.000000e+00 +5.000000e+01 +8.899166e+00
+0.000000e+00 +0.000000e+00 +1.000000e+02 +1.536569e-01
+0.000000e+00 +0.000000e+00 +5.000000e+02 +2.934019e-02

+0.000000e+00 +0.000000e+00 +1.000000e+00 +1.625090e+01
+0.000000e+00 +0.000000e+00 +5.000000e+00 +3.500921e+00
+0.000000e+00 +0.000000e+00 +5.000000e+01 +8.789531e+00
+0.000000e+00 +0.000000e+00 +1.000000e+02 +1.610161e-01
+0.000000e+00 +0.000000e+00 +5.000000e+02 +3.210168e-02

+0.000000e+00 +0.000000e+00 +1.000000e+00 +1.465817e+01
+0.000000e+00 +0.000000e+00 +5.000000e+00 +3.074418e+00
+0.000000e+00 +0.000000e+00 +5.000000e+01 +2.996559e-01
+0.000000e+00 +0.000000e+00 +1.000000e+02 +1.473057e-01
+0.000000e+00 +0.000000e+00 +5.000000e+02 +2.896904e-02

+0.000000e+00 +0.000000e+00 +1.000000e+00 +1.611611e+01
+0.000000e+00 +0.000000e+00 +5.000000e+00 +3.367064e+00
+0.000000e+00 +0.000000e+00 +5.000000e+01 +3.107537e-01
+0.000000e+00 +0.000000e+00 +1.000000e+02 +1.582873e-01
+0.000000e+00 +0.000000e+00 +5.000000e+02 +3.163482e-02

+0.000000e+00 +0.000000e+00 +1.000000e+00 +1.422308e+01
+0.000000e+00 +0.000000e+00 +5.000000e+00 +2.640204e+00
+0.000000e+00 +0.000000e+00 +5.000000e+01 +8.999085e-02
+0.000000e+00 +0.000000e+00 +1.000000e+02 +1.503421e-01
+0.000000e+00 +0.000000e+00 +5.000000e+02 +2.925016e-02

+0.000000e+00 +0.000000e+00 +1.000000e+00 +1.566907e+01
+0.000000e+00 +0.000000e+00 +5.000000e+00 +2.920916e+00
+0.000000e+00 +0.000000e+00 +5.000000e+01 +8.475165e-02
+0.000000e+00 +0.000000e+00 +1.000000e+02 +1.507812e-01
+0.000000e+00 +0.000000e+00 +5.000000e+02 +3.189065e-02

+0.000000e+00 +0.000000e+00 +1.000000e+00 +1.422308e+01
+0.000000e+00 +0.000000e+00 +5.000000e+00 +2.640204e+00
+0.000000e+00 +0.000000e+00 +5.000000e+01 +8.999085e-02
+0.000000e+00 +0.000000e+00 +1.000000e+02 +1.503421e-01
+0.000000e+00 +0.000000e+00 +5.000000e+02 +2.925016e-02

+0.000000e+00 +0.000000e+00 +1.000000e+00 +1.566907e+01
+0.000000e+00 +0.000000e+00 +5.000000e+00 +2.920916e+00
+0.000000e+00 +0.000000e+00 +5.000000e+01 +8.475165e-02
+0.000000e+00 +0.000000e+00 +1.000000e+02 +1.507812e-01
+0.000000e+00 +0.000000e+00 +5.000000e+02 +3.189065e-02

+0.000000e+00 +0.000000e+00 +1.000000e+00 +1.422308e+01
+0.000000e+00 +0.000000e+00 +5.000000e+00 +2.640204e+00
+0.000000e+00 +0.000000e+00 +5.000000e+01 +8.999085e-02
+0.000000e+00 +0.000000e+00 +1.000000e+02 +1.503421e-01
+0.000000e+00 +0.000000e+00 +5.000000e+02 +2.925016e-02

+0.000000e+00 +0.000000e+00 +1.000000e+00 +1.566907e+01
+0.000000e+00 +0.000000e+00 +5.000000e+00 +2.920916e+00
+0.000000e+00 +0.000000e+00 +5.000000e+01 +8.475165e-02
+0.000000e+00 +0.000000e+00 +1.000000e+02 +1.507812e-01
+0.000000e+00 +0.000000e+00 +5.000000e+02 +3.189065e-02

+0.000000e+00 +0.000000e+00 +1.000000e+00 +1.594207e+01
+0.000000e+00 +0.000000e+00 +5.000000e+00 +3.194039e+00
+0.000000e+00 +0.000000e+00 +5.000000e+01 +3.185443e-01
+0.000000e+00 +0.000000e+00 +1.000000e+02 +1.587451e-01
+0.000000e+00 +0.000000e+00 +5.000000e+02 +3.185930e-02

+0.000000e+00 +0.000000e+00 +1.000000e+00 +1.594121e+01
+0.000000e+00 +0.000000e+00 +5.000000e+00 +3.193159e+00
+0.000000e+00 +0.000000e+00 +5.000000e+01 +3.178261e-01
+0.000000e+00 +0.000000e+00 +1.000000e+02 +1.587400e-01
+0.000000e+00 +0.000000e+00 +5.000000e+02 +3.185910e-02

+0.000000e+00 +0.000000e+00 +1.000000e+00 +1.594126e+01
+0.000000e+00 +0.000000e+00 +5.000000e+00 +3.193210e+00
+0.000000e+00 +0.000000e+00 +5.000000e+01 +3.178673e-01
+0.000000e+00 +0.000000e+00 +1.000000e+02 +1.587402e-01
+0.000000e+00 +0.000000e+00 +5.000000e+02 +3.185910e-02

+0.000000e+00 +0.000000e+00 +1.000000e+00 +1.589993e+01
+0.000000e+00 +0.000000e+00 +5.000000e+00 +3.151543e+00
+0.000000e+00 +0.000000e+00 +5.000000e+01 +2.849634e-01
+0.000000e+00 +0.000000e+00 +1.000000e+02 +1.587998e-01
+0.000000e+00 +0.000000e+00 +5.000000e+02 +3.188512e-02

+0.000000e+00 +0.000000e+00 +1.000000e+00 +1.425220e+01
+0.000000e+00 +0.000000e+00 +5.000000e+00 +2.668958e+00
+0.000000e+00 +0.000000e+00 +5.000000e+01 +1.494922e-01
+0.000000e+00 +0.000000e+00 +1.000000e+02 +1.445682e-01
+0.000000e+00 +0.000000e+00 +5.000000e+02 +2.904675e-02

+0.000000e+00 +0.000000e+00 +1.000000e+00 +1.570013e+01
+0.000000e+00 +0.000000e+00 +5.000000e+00 +2.951537e+00
+0.000000e+00 +0.000000e+00 +5.000000e+01 +1.580182e-01
+0.000000e+00 +0.000000e+00 +1.000000e+02 +1.460336e-01
+0.000000e+00 +0.000000e+00 +5.000000e+02 +3.170498e-02

+0.000000e+00 +0.000000e+00 +1.000000e+00 +1.565512e+01
+0.000000e+00 +0.000000e+00 +5.000000e+00 +2.906264e+00
+0.000000e+00 +0.000000e+00 +5.000000e+01 +1.994894e-01
+0.000000e+00 +0.000000e+00 +1.000000e+02 +1.451335e-01
+0.000000e+00 +0.000000e+00 +5.000000e+02 +3.169512e-02

+0.000000e+00 +0.000000e+00 +1.000000e+00 +1.565614e+01
+0.000000e+00 +0.000000e+00 +5.000000e+00 +2.907299e+00
+0.000000e+00 +0.000000e+00 +5.000000e+01 +2.032702e-01
+0.000000e+00 +0.000000e+00 +1.000000e+02 +1.451946e-01
+0.000000e+00 +0.000000e+00 +5.000000e+02 +3.169587e-02

+0.000000e+00 +0.000000e+00 +1.000000e+00 +1.570986e+01
+0.000000e+00 +0.000000e+00 +5.000000e+00 +2.961146e+00
+0.000000e+00 +0.000000e+00 +5.000000e+01 +2.376253e-01
+0.000000e+00 +0.000000e+00 +1.000000e+02 +1.449850e-01
+0.000000e+00 +0.000000e+00 +5.000000e+02 +3.169342e-02

+0.000000e+00 +0.000000e+00 +1.000000e+00 +1.430410e+01
+0.000000e+00 +0.000000e+00 +5.000000e+00 +2.719349e+00
+0.000000e+00 +0.000000e+00 +5.000000e+01 +1.480992e-01
+0.000000e+00 +0.000000e+00 +1.000000e+02 +1.260530e-01
+0.000000e+00 +0.000000e+00 +5.000000e+02 +2.828638e-02

+0.000000e+00 +0.000000e+00 +1.000000e+00 +1.574325e+01
+0.000000e+00 +0.000000e+00 +5.000000e+00 +2.993071e+00
+0.000000e+00 +0.000000e+00 +5.000000e+01 +1.668349e-01
+0.000000e+00 +0.000000e+00 +1.000000e+02 +1.293873e-01
+0.000000e+00 +0.000000e+00 +5.000000e+02 +3.108259e-02

+0.000000e+00 +0.000000e+00 +1.000000e+00 +1.570131e+01
+0.000000e+00 +0.000000e+00 +5.000000e+00 +2.950601e+00
+0.000000e+00 +0.000000e+00 +5.000000e+01 +2.090427e-01
+0.000000e+00 +0.000000e+00 +1.000000e+02 +1.273403e-01
+0.000000e+00 +0.000000e+00 +5.000000e+02 +3.101298e-02

+0.000000e+00 +0.000000e+00 +1.000000e+00 +1.570133e+01
+0.000000e+00 +0.000000e+00 +5.000000e+00 +2.950601e+00
+0.000000e+00 +0.000000e+00 +5.000000e+01 +1.954875e-01
+0.000000e+00 +0.000000e+00 +1.000000e+02 +1.265026e-01
+0.000000e+00 +0.000000e+00 +5.000000e+02 +3.099193e-02

+0.000000e+00 +0.000000e+00 +1.000000e+00 +1.574932e+01
+0.000000e+00 +0.000000e+00 +5.000000e+00 +2.999151e+00
+0.000000e+00 +0.000000e+00 +5.000000e+01 +2.416001e-01
+0.000000e+00 +0.000000e+00 +1.000000e+02 +1.268949e-01
+0.000000e+00 +0.000000e+00 +5.000000e+02 +3.100363e-02

+0.000000e+00 +0.000000e+00 +1.000000e+00 +1.433400e+01
+0.000000e+00 +0.000000e+00 +5.000000e+00 +2.749269e+00
+0.000000e+00 +0.000000e+00 +5.000000e+01 +1.715642e-01
+0.000000e+00 +0.000000e+00 +1.000000e+02 +1.263765e-01
+0.000000e+00 +0.000000e+00 +5.000000e+02 +2.827403e-02

+0.000000e+00 +0.000000e+00 +1.000000e+00 +1.577354e+01
+0.000000e+00 +0.000000e+00 +5.000000e+00 +3.023369e+00
+0.000000e+00 +0.000000e+00 +5.000000e+01 +1.905892e-01
+0.000000e+00 +0.000000e+00 +1.000000e+02 +1.297062e-01
+0.000000e+00 +0.000000e+00 +5.000000e+02 +3.106982e-02

+0.000000e+00 +0.000000e+00 +1.000000e+00 +1.570712e+01
+0.000000e+00 +0.000000e+00 +5.000000e+00 +2.956479e+00
+0.000000e+00 +0.000000e+00 +5.000000e+01 +2.147353e-01
+0.000000e+00 +0.000000e+00 +1.000000e+02 +1.275950e-01
+0.000000e+00 +0.000000e+00 +5.000000e+02 +3.102012e-02

+0.000000e+00 +0.000000e+00 +1.000000e+00 +1.570734e+01
+0.000000e+00 +0.000000e+00 +5.000000e+00 +2.956676e+00
+0.000000e+00 +0.000000e+00 +5.000000e+01 +2.013449e-01
+0.000000e+00 +0.000000e+00 +1.000000e+02 +1.267635e-01
+0.000000e+00 +0.000000e+00 +5.000000e+02 +3.099927e-02

+0.000000e+00 +0.000000e+00 +1.000000e+00 +1.575936e+01
+0.000000e+00 +0.000000e+00 +5.000000e+00 +3.009253e+00
+0.000000e+00 +0.000000e+00 +5.000000e+01 +2.508297e-01
+0.000000e+00 +0.000000e+00 +1.000000e+02 +1.272776e-01
+0.000000e+00 +0.000000e+00 +5.000000e+02 +3.101464e-02

+0.000000e+00 +0.000000e+00 +1.000000e+00 +1.439499e+01
+0.000000e+00 +0.000000e+00 +5.000000e+00 +3.050144e+00
+0.000000e+00 +0.000000e+00 +5.000000e+01 +1.899941e-01
+0.000000e+00 +0.000000e+00 +1.000000e+02 +1.041903e-01
+0.000000e+00 +0.000000e+00 +5.000000e+02 +2.708973e-02

+0.000000e+00 +0.000000e+00 +1.000000e+00 +1.582938e+01
+0.000000e+00 +0.000000e+00 +5.000000e+00 +3.057260e+00
+0.000000e+00 +0.000000e+00 +5.000000e+01 +2.024416e-01
+0.000000e+00 +0.000000e+00 +1.000000e+02 +1.095277e-01
+0.000000e+00 +0.000000e+00 +5.000000e+02 +2.959019e-02

+0.000000e+00 +0.000000e+00 +1.000000e+00 +1.577692e+01
+0.000000e+00 +0.000000e+00 +5.000000e+00 +3.003607e+00
+0.000000e+00 +0.000000e+00 +5.000000e+01 +2.350117e-01
+0.000000e+00 +0.000000e+00 +1.000000e+02 +1.065752e-01
+0.000000e+00 +0.000000e+00 +5.000000e+02 +2.941168e-02

+0.000000e+00 +0.000000e+00 +1.000000e+00 +1.577782e+01
+0.000000e+00 +0.000000e+00 +5.000000e+00 +3.004715e+00
+0.000000e+00 +0.000000e+00 +5.000000e+01 +2.411620e-01
+0.000000e+00 +0.000000e+00 +1.000000e+02 +1.071846e-01
+0.000000e+00 +0.000000e+00 +5.000000e+02 +2.942526e-02

+0.000000e+00 +0.000000e+00 +1.000000e+00 +1.581604e+01
+0.000000e+00 +0.000000e+00 +5.000000e+00 +3.045187e+00
+0.000000e+00 +0.000000e+00 +5.000000e+01 +2.575402e-01
+0.000000e+00 +0.000000e+00 +1.000000e+02 +1.046684e-01
+0.000000e+00 +0.000000e+00 +5.000000e+02 +2.935444e-02

+0.000000e+00 +0.000000e+00 +1.000000e+00 +1.441796e+01
+0.000000e+00 +0.000000e+00 +5.000000e+00 +2.831106e+00
+0.000000e+00 +0.000000e+00 +5.000000e+01 +2.273556e-02
+0.000000e+00 +0.000000e+00 +1.000000e+02 +8.448273e-02
+0.000000e+00 +0.000000e+00 +5.000000e+02 +2.182839e-02

+0.000000e+00 +0.000000e+00 +1.000000e+00 +1.587538e+01
+0.000000e+00 +0.000000e+00 +5.000000e+00 +3.123149e+00
+0.000000e+00 +0.000000e+00 +5.000000e+01 +2.933865e-01
+0.000000e+00 +0.000000e+00 +1.000000e+02 +6.636985e-02
+0.000000e+00 +0.000000e+00 +5.000000e+02 +2.406622e-02

+0.000000e+00 +0.000000e+00 +1.000000e+00 +1.587153e+01
+0.000000e+00 +0.000000e+00 +5.000000e+00 +3.119283e+00
+0.000000e+00 +0.000000e+00 +5.000000e+01 +2.633465e-01
+0.000000e+00 +0.000000e+00 +1.000000e+02 +6.772934e-02
+0.000000e+00 +0.000000e+00 +5.000000e+02 +2.487197e-02

+0.000000e+00 +0.000000e+00 +1.000000e+00 +1.587421e+01
+0.000000e+00 +0.000000e+00 +5.000000e+00 +3.121963e+00
+0.000000e+00 +0.000000e+00 +5.000000e+01 +2.497754e-01
+0.000000e+00 +0.000000e+00 +1.000000e+02 +7.394372e-02
+0.000000e+00 +0.000000e+00 +5.000000e+02 +2.540714e-02

+0.000000e+00 +0.000000e+00 +1.000000e+00 +1.588373e+01
+0.000000e+00 +0.000000e+00 +5.000000e+00 +3.131646e+00
+0.000000e+00 +0.000000e+00 +5.000000e+01 +2.907026e-01
+0.000000e+00 +0.000000e+00 +1.000000e+02 +5.795818e-02
+0.000000e+00 +0.000000e+00 +5.000000e+02 +2.375284e-02

+0.000000e+00 +0.000000e+00 +1.000000e+00 +1.442537e+01
+0.000000e+00 +0.000000e+00 +5.000000e+00 +2.838580e+00
+0.000000e+00 +0.000000e+00 +5.000000e+01 +3.346376e-01
+0.000000e+00 +0.000000e+00 +1.000000e+02 +7.397822e-02
+0.000000e+00 +0.000000e+00 +5.000000e+02 +2.147350e-02

+0.000000e+00 +0.000000e+00 +1.000000e+00 +1.587503e+01
+0.000000e+00 +0.000000e+00 +5.000000e+00 +3.122790e+00
+0.000000e+00 +0.000000e+00 +5.000000e+01 +2.798009e-01
+0.000000e+00 +0.000000e+00 +1.000000e+02 +6.334790e-02
+0.000000e+00 +0.000000e+00 +5.000000e+02 +2.406320e-02

+0.000000e+00 +0.000000e+00 +1.000000e+00 +1.587104e+01
+0.000000e+00 +0.000000e+00 +5.000000e+00 +3.118758e+00
+0.000000e+00 +0.000000e+00 +5.000000e+01 +2.755959e-01
+0.000000e+00 +0.000000e+00 +1.000000e+02 +6.727704e-02
+0.000000e+00 +0.000000e+00 +5.000000e+02 +2.487105e-02

+0.000000e+00 +0.000000e+00 +1.000000e+00 +1.587340e+01
+0.000000e+00 +0.000000e+00 +5.000000e+00 +3.121145e+00
+0.000000e+00 +0.000000e+00 +5.000000e+01 +2.848104e-01
+0.000000e+00 +0.000000e+00 +1.000000e+02 +7.430014e-02
+0.000000e+00 +0.000000e+00 +5.000000e+02 +2.544763e-02

+0.000000e+00 +0.000000e+00 +1.000000e+00 +1.588364e+01
+0.000000e+00 +0.000000e+00 +5.000000e+00 +3.131556e+00
+0.000000e+00 +0.000000e+00 +5.000000e+01 +2.904458e-01
+0.000000e+00 +0.000000e+00 +1.000000e+02 +5.779894e-02
+0.000000e+00 +0.000000e+00 +5.000000e+02 +2.375276e-02

+0.000000e+00 +0.000000e+00 +1.000000e+00 +1.442537e+01
+0.000000e+00 +0.000000e+00 +5.000000e+00 +2.838580e+00
+0.000000e+00 +0.000000e+00 +5.000000e+01 +3.346376e-01
+0.000000e+00 +0.000000e+00 +1.000000e+02 +7.397822e-02
+0.000000e+00 +0.000000e+00 +5.000000e+02 +2.147350e-02

+0.000000e+00 +0.000000e+00 +1.000000e+00 +1.587503e+01
+0.000000e+00 +0.000000e+00 +5.000000e+00 +3.122790e+00
+0.000000e+00 +0.000000e+00 +5.000000e+01 +2.798009e-01
+0.000000e+00 +0.000000e+00 +1.000000e+02 +6.334790e-02
+0.000000e+00 +0.000000e+00 +5.000000e+02 +2.406320e-02

+0.000000e+00 +0.000000e+00 +1.000000e+00 +1.587104e+01
+0.000000e+00 +0.000000e+00 +5.000000e+00 +3.118758e+00
+0.000000e+00 +0.000000e+00 +5.000000e+01 +2.755959e-01
+0.000000e+00 +0.000000e+00 +1.000000e+02 +6.727704e-02
+0.000000e+00 +0.000000e+00 +5.000000e+02 +2.487105e-02

+0.000000e+00 +0.000000e+00 +1.000000e+00 +1.587340e+01
+0.000000e+00 +0.000000e+00 +5.000000e+00 +3.121145e+00
+0.000000e+00 +0.000000e+00 +5.000000e+01 +2.848104e-01
+0.000000e+00 +0.000000e+00 +1.000000e+02 +7.430014e-02
+0.000000e+00 +0.000000e+00 +5.000000e+02 +2.544763e-02

+0.000000e+00 +0.000000e+00 +1.000000e+00 +1.588364e+01
+0.000000e+00 +0.000000e+00 +5.000000e+00 +3.131556e+00
+0.000000e+00 +0.000000e+00 +5.000000e+01 +2.904458e-01
+0.000000e+00 +0.000000e+00 +1.000000e+02 +5.779894e-02
+0.000000e+00 +0.000000e+00 +5.000000e+02 +2.375276e-02

+0.000000e+00 +0.000000e+00 +1.000000e+00 +1.442537e+01
+0.000000e+00 +0.000000e+00 +5.000000e+00 +2.838580e+00
+0.000000e+00 +0.000000e+00 +5.000000e+01 +3.346376e-01
+0.000000e+00 +0.000000e+00 +1.000000e+02 +7.397822e-02
+0.000000e+00 +0.000000e+00 +5.000000e+02 +2.147350e-02

+0.000000e+00 +0.000000e+00 +1.000000e+00 +1.587503e+01
+0.000000e+00 +0.000000e+00 +5.000000e+00 +3.122790e+00
+0.000000e+00 +0.000000e+00 +5.000000e+01 +2.798009e-01
+0.000000e+00 +0.000000e+00 +1.000000e+02 +6.334790e-02
+0.000000e+00 +0.000000e+00 +5.000000e+02 +2.406320e-02

+0.000000e+00 +0.000000e+00 +1.000000e+00 +1.587104e+01
+0.000000e+00 +0.000000e+00 +5.000000e+00 +3.118758e+00
+0.000000e+00 +0.000000e+00 +5.000000e+01 +2.755959e-01
+0.000000e+00 +0.000000e+00 +1.000000e+02 +6.727704e-02
+0.000000e+00 +0.000000e+00 +5.000000e+02 +2.487105e-02

+0.000000e+00 +0.000000e+00 +1.000000e+00 +1.587340e+01
+0.000000e+00 +0.000000e+00 +5.000000e+00 +3.121145e+00
+0.000000e+00 +0.000000e+00 +5.000000e+01 +2.848104e-01
+0.000000e+00 +0.000000e+00 +1.000000e+02 +7.430014e-02
+0.000000e+00 +0.000000e+00 +5.000000e+02 +2.544763e-02

+0.000000e+00 +0.000000e+00 +1.000000e+00 +1.588364e+01
+0.000000e+00 +0.000000e+00 +5.000000e+00 +3.131556e+00
+0.000000e+00 +0.000000e+00 +5.000000e+01 +2.904458e-01
+0.000000e+00 +0.000000e+00 +1.000000e+02 +5.779894e-02
+0.000000e+00 +0.000000e+00 +5.000000e+02 +2.375276e-02

+0.000000e+00 +0.000000e+00 +1.000000e+00 +1.442537e+01
+0.000000e+00 +0.000000e+00 +5.000000e+00 +2.838580e+00
+0.000000e+00 +0.000000e+00 +5.000000e+01 +3.346376e-01
+0.000000e+00 +0.000000e+00 +1.000000e+02 +7.397822e-02
+0.000000e+00 +0.000000e+00 +5.000000e+02 +2.147350e-02

+0.000000e+00 +0.000000e+00 +1.000000e+00 +1.587503e+01
+0.000000e+00 +0.000000e+00 +5.000000e+00 +3.122790e+00
+0.000000e+00 +0.000000e+00 +5.000000e+01 +2.798009e-01
+0.000000e+00 +0.000000e+00 +1.000000e+02 +6.334790e-02
+0.000000e+00 +0.000000e+00 +5.000000e+02 +2.406320e-02

+0.000000e+00 +0.000000e+00 +1.000000e+00 +1.587104e+01
+0.000000e+00 +0.000000e+00 +5.000000e+00 +3.118758e+00
+0.000000e+00 +0.000000e+00 +5.000000e+01 +2.755959e-01
+0.000000e+00 +0.000000e+00 +1.000000e+02 +6.727704e-02
+0.000000e+00 +0.000000e+00 +5.000000e+02 +2.487105e-02

+0.000000e+00 +0.000000e+00 +1.000000e+00 +1.587340e+01
+0.000000e+00 +0.000000e+00 +5.000000e+00 +3.121145e+00
+0.000000e+00 +0.000000e+00 +5.000000e+01 +2.848104e-01
+0.000000e+00 +0.000000e+00 +1.000000e+02 +7.430014e-02
+0.000000e+00 +0.000000e+00 +5.000000e+02 +2.544763e-02

+0.000000e+00 +0.000000e+00 +1.000000e+00 +1.588364e+01
+0.000000e+00 +0.000000e+00 +5.000000e+00 +3.131556e+00
+0.000000e+00 +0.000000e+00 +5.000000e+01 +2.904458e-01
+0.000000e+00 +0.000000e+00 +1.000000e+02 +5.779894e-02
+0.000000e+00 +0.000000e+00 +5.000000e+02 +2.375276e-02

+0.000000e+00 +0.000000e+00 +1.000000e+00 +1.442844e+01
+0.000000e+00 +0.000000e+00 +5.000000e+00 +2.841917e+00
+0.000000e+00 +0.000000e+00 +5.000000e+01 +2.885627e-01
+0.000000e+00 +0.000000e+00 +1.000000e+02 +6.125905e-02
+0.000000e+00 +0.000000e+00 +5.000000e+02 +2.078511e-02

+0.000000e+00 +0.000000e+00 +1.000000e+00 +1.587346e+01
+0.000000e+00 +0.000000e+00 +5.000000e+00 +3.121200e+00
+0.000000e+00 +0.000000e+00 +5.000000e+01 +2.788369e-01
+0.000000e+00 +0.000000e+00 +1.000000e+02 +6.423833e-02
+0.000000e+00 +0.000000e+00 +5.000000e+02 +2.422461e-02

+0.000000e+00 +0.000000e+00 +1.000000e+00 +1.587021e+01
+0.000000e+00 +0.000000e+00 +5.000000e+00 +3.117916e+00
+0.000000e+00 +0.000000e+00 +5.000000e+01 +2.748331e-01
+0.000000e+00 +0.000000e+00 +1.000000e+02 +6.721282e-02
+0.000000e+00 +0.000000e+00 +5.000000e+02 +2.486449e-02

+0.000000e+00 +0.000000e+00 +1.000000e+00 +1.587168e+01
+0.000000e+00 +0.000000e+00 +5.000000e+00 +3.119412e+00
+0.000000e+00 +0.000000e+00 +5.000000e+01 +2.812944e-01
+0.000000e+00 +0.000000e+00 +1.000000e+02 +7.273262e-02
+0.000000e+00 +0.000000e+00 +5.000000e+02 +2.533529e-02

+0.000000e+00 +0.000000e+00 +1.000000e+00 +1.588819e+01
+0.000000e+00 +0.000000e+00 +5.000000e+00 +3.136224e+00
+0.000000e+00 +0.000000e+00 +5.000000e+01 +2.943358e-01
+0.000000e+00 +0.000000e+00 +1.000000e+02 +6.041757e-02
+0.000000e+00 +0.000000e+00 +5.000000e+02 +2.424022e-02

