+0.000000e+00 +0.000000e+00 +1.000000e+00 +1.351009e+01
+0.000000e+00 +0.000000e+00 +5.000000e+00 +2.099149e+00
+0.000000e+00 +0.000000e+00 +5.000000e+01 +1.877496e-01
+0.000000e+00 +0.000000e+00 +1.000000e+02 +1.184765e-01
+0.000000e+00 +0.000000e+00 +5.000000e+02 +3.227075e-02

+0.000000e+00 +0.000000e+00 +1.000000e+00 +1.471391e+01
+0.000000e+00 +0.000000e+00 +5.000000e+00 +2.090073e+00
+0.000000e+00 +0.000000e+00 +5.000000e+01 +1.928363e-01
+0.000000e+00 +0.000000e+00 +1.000000e+02 +1.242424e-01
+0.000000e+00 +0.000000e+00 +5.000000e+02 +3.420997e-02

+0.000000e+00 +0.000000e+00 +1.000000e+00 +1.538274e+01
+0.000000e+00 +0.000000e+00 +5.000000e+00 +2.771864e+00
+0.000000e+00 +0.000000e+00 +5.000000e+01 +1.900244e-01
+0.000000e+00 +0.000000e+00 +1.000000e+02 +1.219316e-01
+0.000000e+00 +0.000000e+00 +5.000000e+02 +3.353947e-02

+0.000000e+00 +0.000000e+00 +1.000000e+00 +1.583231e+01
+0.000000e+00 +0.000000e+00 +5.000000e+00 +3.217159e+00
+0.000000e+00 +0.000000e+00 +5.000000e+01 +1.833852e-01
+0.000000e+00 +0.000000e+00 +1.000000e+02 +1.190415e-01
+0.000000e+00 +0.000000e+00 +5.000000e+02 +3.260393e-02

+0.000000e+00 +0.000000e+00 +1.000000e+00 +1.580251e+01
+0.000000e+00 +0.000000e+00 +5.000000e+00 +3.181540e+00
+0.000000e+00 +0.000000e+00 +5.000000e+01 +1.845690e-01
+0.000000e+00 +0.000000e+00 +1.000000e+02 +1.195710e-01
+0.000000e+00 +0.000000e+00 +5.000000e+02 +3.271102e-02

+0.000000e+00 +0.000000e+00 +1.000000e+00 +1.580251e+01
+0.000000e+00 +0.000000e+00 +5.000000e+00 +3.181540e+00
+0.000000e+00 +0.000000e+00 +5.000000e+01 +1.845690e-01
+0.000000e+00 +0.000000e+00 +1.000000e+02 +1.195710e-01
+0.000000e+00 +0.000000e+00 +5.000000e+02 +3.271102e-02

+0.000000e+00 +0.000000e+00 +1.000000e+00 +1.723465e+01
+0.000000e+00 +0.000000e+00 +5.000000e+00 +4.484237e+00
+0.000000e+00 +0.000000e+00 +5.000000e+01 +1.495450e-01
+0.000000e+00 +0.000000e+00 +1.000000e+02 +1.046876e-01
+0.000000e+00 +0.000000e+00 +5.000000e+02 +3.001621e-02

+0.000000e+00 +0.000000e+00 +1.000000e+00 +1.809373e+01
+0.000000e+00 +0.000000e+00 +5.000000e+00 +5.198501e+00
+0.000000e+00 +0.000000e+00 +5.000000e+01 +1.498644e-01
+0.000000e+00 +0.000000e+00 +1.000000e+02 +1.058870e-01
+0.000000e+00 +0.000000e+00 +5.000000e+02 +3.035780e-02

+0.000000e+00 +0.000000e+00 +1.000000e+00 +1.860387e+01
+0.000000e+00 +0.000000e+00 +5.000000e+00 +5.130450e+00
+0.000000e+00 +0.000000e+00 +5.000000e+01 +1.498611e-01
+0.000000e+00 +0.000000e+00 +1.000000e+02 +1.058863e-01
+0.000000e+00 +0.000000e+00 +5.000000e+02 +3.035776e-02

+0.000000e+00 +0.000000e+00 +1.000000e+00 +1.662272e+01
+0.000000e+00 +0.000000e+00 +5.000000e+00 +3.713397e+00
+0.000000e+00 +0.000000e+00 +5.000000e+01 +2.122623e-01
+0.000000e+00 +0.000000e+00 +1.000000e+02 +1.258145e-01
+0.000000e+00 +0.000000e+00 +5.000000e+02 +3.229999e-02

+0.000000e+00 +0.000000e+00 +1.000000e+00 +1.723727e+01
+0.000000e+00 +0.000000e+00 +5.000000e+00 +4.425036e+00
+0.000000e+00 +0.000000e+00 +5.000000e+01 +1.579457e-01
+0.000000e+00 +0.000000e+00 +1.000000e+02 +1.069313e-01
+0.000000e+00 +0.000000e+00 +5.000000e+02 +3.012911e-02

+0.000000e+00 +0.000000e+00 +1.000000e+00 +1.723585e+01
+0.000000e+00 +0.000000e+00 +5.000000e+00 +4.631329e+00
+0.000000e+00 +0.000000e+00 +5.000000e+01 +1.550163e-01
+0.000000e+00 +0.000000e+00 +1.000000e+02 +1.061091e-01
+0.000000e+00 +0.000000e+00 +5.000000e+02 +3.022675e-02

+0.000000e+00 +0.000000e+00 +1.000000e+00 +1.627509e+01
+0.000000e+00 +0.000000e+00 +5.000000e+00 +3.667833e+00
+0.000000e+00 +0.000000e+00 +5.000000e+01 +1.828156e-01
+0.000000e+00 +0.000000e+00 +1.000000e+02 +1.179055e-01
+0.000000e+00 +0.000000e+00 +5.000000e+02 +3.239332e-02

+0.000000e+00 +0.000000e+00 +1.000000e+00 +1.507712e+01
+0.000000e+00 +0.000000e+00 +5.000000e+00 +2.459572e+00
+0.000000e+00 +0.000000e+00 +5.000000e+01 +1.930955e-01
+0.000000e+00 +0.000000e+00 +1.000000e+02 +1.235997e-01
+0.000000e+00 +0.000000e+00 +5.000000e+02 +3.389227e-02

+0.000000e+00 +0.000000e+00 +1.000000e+00 +1.676627e+01
+0.000000e+00 +0.000000e+00 +5.000000e+00 +4.046422e+00
+0.000000e+00 +0.000000e+00 +5.000000e+01 +1.505165e-01
+0.000000e+00 +0.000000e+00 +1.000000e+02 +1.047932e-01
+0.000000e+00 +0.000000e+00 +5.000000e+02 +3.002644e-02

+0.000000e+00 +0.000000e+00 +1.000000e+00 +1.465572e+01
+0.000000e+00 +0.000000e+00 +5.000000e+00 +2.031505e+00
+0.000000e+00 +0.000000e+00 +5.000000e+01 +1.774935e-01
+0.000000e+00 +0.000000e+00 +1.000000e+02 +1.167107e-01
+0.000000e+00 +0.000000e+00 +5.000000e+02 +3.245610e-02

+0.000000e+00 +0.000000e+00 +1.000000e+00 +1.541863e+01
+0.000000e+00 +0.000000e+00 +5.000000e+00 +2.806868e+00
+0.000000e+00 +0.000000e+00 +5.000000e+01 +2.047988e-01
+0.000000e+00 +0.000000e+00 +1.000000e+02 +1.285711e-01
+0.000000e+00 +0.000000e+00 +5.000000e+02 +3.481153e-02

+0.000000e+00 +0.000000e+00 +1.000000e+00 +1.441778e+01
+0.000000e+00 +0.000000e+00 +5.000000e+00 +1.793633e+00
+0.000000e+00 +0.000000e+00 +5.000000e+01 +2.028812e-01
+0.000000e+00 +0.000000e+00 +1.000000e+02 +1.308988e-01
+0.000000e+00 +0.000000e+00 +5.000000e+02 +3.634019e-02

+0.000000e+00 +0.000000e+00 +1.000000e+00 +1.538274e+01
+0.000000e+00 +0.000000e+00 +5.000000e+00 +2.771864e+00
+0.000000e+00 +0.000000e+00 +5.000000e+01 +1.900244e-01
+0.000000e+00 +0.000000e+00 +1.000000e+02 +1.219316e-01
+0.000000e+00 +0.000000e+00 +5.000000e+02 +3.353947e-02

+0.000000e+00 +0.000000e+00 +1.000000e+00 +1.565364e+01
+0.000000e+00 +0.000000e+00 +5.000000e+00 +3.047766e+00
+0.000000e+00 +0.000000e+00 +5.000000e+01 +1.961967e-01
+0.000000e+00 +0.000000e+00 +1.000000e+02 +1.244546e-01
+0.000000e+00 +0.000000e+00 +5.000000e+02 +3.398577e-02

+0.000000e+00 +0.000000e+00 +1.000000e+00 +1.404644e+01
+0.000000e+00 +0.000000e+00 +5.000000e+00 +1.414681e+00
+0.000000e+00 +0.000000e+00 +5.000000e+01 +1.584063e-01
+0.000000e+00 +0.000000e+00 +1.000000e+02 +1.096251e-01
+0.000000e+00 +0.000000e+00 +5.000000e+02 +3.276804e-02

+0.000000e+00 +0.000000e+00 +1.000000e+00 +1.490201e+01
+0.000000e+00 +0.000000e+00 +5.000000e+00 +3.461903e+00
+0.000000e+00 +0.000000e+00 +5.000000e+01 +1.503588e-01
+0.000000e+00 +0.000000e+00 +1.000000e+02 +1.023874e-01
+0.000000e+00 +0.000000e+00 +5.000000e+02 +2.912394e-02

+0.000000e+00 +0.000000e+00 +1.000000e+00 +1.713336e+01
+0.000000e+00 +0.000000e+00 +5.000000e+00 +5.805371e+00
+0.000000e+00 +0.000000e+00 +5.000000e+01 +1.688205e-01
+0.000000e+00 +0.000000e+00 +1.000000e+02 +1.090001e-01
+0.000000e+00 +0.000000e+00 +5.000000e+02 +2.975886e-02

+0.000000e+00 +0.000000e+00 +1.000000e+00 +1.413072e+01
+0.000000e+00 +0.000000e+00 +5.000000e+00 +2.900587e+00
+0.000000e+00 +0.000000e+00 +5.000000e+01 +1.849070e-01
+0.000000e+00 +0.000000e+00 +1.000000e+02 +1.150954e-01
+0.000000e+00 +0.000000e+00 +5.000000e+02 +3.099872e-02

+0.000000e+00 +0.000000e+00 +1.000000e+00 +1.413072e+01
+0.000000e+00 +0.000000e+00 +5.000000e+00 +2.900587e+00
+0.000000e+00 +0.000000e+00 +5.000000e+01 +1.849070e-01
+0.000000e+00 +0.000000e+00 +1.000000e+02 +1.150954e-01
+0.000000e+00 +0.000000e+00 +5.000000e+02 +3.099872e-02

+0.000000e+00 +0.000000e+00 +1.000000e+00 +1.413072e+01
+0.000000e+00 +0.000000e+00 +5.000000e+00 +2.900587e+00
+0.000000e+00 +0.000000e+00 +5.000000e+01 +1.849070e-01
+0.000000e+00 +0.000000e+00 +1.000000e+02 +1.150954e-01
+0.000000e+00 +0.000000e+00 +5.000000e+02 +3.099872e-02

+0.000000e+00 +0.000000e+00 +1.000000e+00 +1.413072e+01
+0.000000e+00 +0.000000e+00 +5.000000e+00 +2.900587e+00
+0.000000e+00 +0.000000e+00 +5.000000e+01 +1.849070e-01
+0.000000e+00 +0.000000e+00 +1.000000e+02 +1.150954e-01
+0.000000e+00 +0.000000e+00 +5.000000e+02 +3.099872e-02

+0.000000e+00 +0.000000e+00 +1.000000e+00 +1.538274e+01
+0.000000e+00 +0.000000e+00 +5.000000e+00 +2.771864e+00
+0.000000e+00 +0.000000e+00 +5.000000e+01 +1.900244e-01
+0.000000e+00 +0.000000e+00 +1.000000e+02 +1.219316e-01
+0.000000e+00 +0.000000e+00 +5.000000e+02 +3.353947e-02

+0.000000e+00 +0.000000e+00 +1.000000e+00 +1.413072e+01
+0.000000e+00 +0.000000e+00 +5.000000e+00 +2.900587e+00
+0.000000e+00 +0.000000e+00 +5.000000e+01 +1.849070e-01
+0.000000e+00 +0.000000e+00 +1.000000e+02 +1.150954e-01
+0.000000e+00 +0.000000e+00 +5.000000e+02 +3.099872e-02

+0.000000e+00 +0.000000e+00 +1.000000e+00 +1.413072e+01
+0.000000e+00 +0.000000e+00 +5.000000e+00 +2.900587e+00
+0.000000e+00 +0.000000e+00 +5.000000e+01 +1.849070e-01
+0.000000e+00 +0.000000e+00 +1.000000e+02 +1.150954e-01
+0.000000e+00 +0.000000e+00 +5.000000e+02 +3.099872e-02

+0.000000e+00 +0.000000e+00 +1.000000e+00 +1.413072e+01
+0.000000e+00 +0.000000e+00 +5.000000e+00 +2.900587e+00
+0.000000e+00 +0.000000e+00 +5.000000e+01 +1.849070e-01
+0.000000e+00 +0.000000e+00 +1.000000e+02 +1.150954e-01
+0.000000e+00 +0.000000e+00 +5.000000e+02 +3.099872e-02

+0.000000e+00 +0.000000e+00 +1.000000e+00 +1.413072e+01
+0.000000e+00 +0.000000e+00 +5.000000e+00 +2.900587e+00
+0.000000e+00 +0.000000e+00 +5.000000e+01 +1.849070e-01
+0.000000e+00 +0.000000e+00 +1.000000e+02 +1.150954e-01
+0.000000e+00 +0.000000e+00 +5.000000e+02 +3.099872e-02

+0.000000e+00 +0.000000e+00 +1.000000e+00 +1.413072e+01
+0.000000e+00 +0.000000e+00 +5.000000e+00 +2.900587e+00
+0.000000e+00 +0.000000e+00 +5.000000e+01 +1.849070e-01
+0.000000e+00 +0.000000e+00 +1.000000e+02 +1.150954e-01
+0.000000e+00 +0.000000e+00 +5.000000e+02 +3.099872e-02

+0.000000e+00 +0.000000e+00 +1.000000e+00 +1.538274e+01
+0.000000e+00 +0.000000e+00 +5.000000e+00 +2.771864e+00
+0.000000e+00 +0.000000e+00 +5.000000e+01 +1.900244e-01
+0.000000e+00 +0.000000e+00 +1.000000e+02 +1.219316e-01
+0.000000e+00 +0.000000e+00 +5.000000e+02 +3.353947e-02

+0.000000e+00 +0.000000e+00 +1.000000e+00 +1.412866e+01
+0.000000e+00 +0.000000e+00 +5.000000e+00 +2.896171e+00
+0.000000e+00 +0.000000e+00 +5.000000e+01 +1.849856e-01
+0.000000e+00 +0.000000e+00 +1.000000e+02 +1.151475e-01
+0.000000e+00 +0.000000e+00 +5.000000e+02 +3.099652e-02

+0.000000e+00 +0.000000e+00 +1.000000e+00 +1.537980e+01
+0.000000e+00 +0.000000e+00 +5.000000e+00 +2.768003e+00
+0.000000e+00 +0.000000e+00 +5.000000e+01 +1.900556e-01
+0.000000e+00 +0.000000e+00 +1.000000e+02 +1.219810e-01
+0.000000e+00 +0.000000e+00 +5.000000e+02 +3.353839e-02

+0.000000e+00 +0.000000e+00 +1.000000e+00 +1.414064e+01
+0.000000e+00 +0.000000e+00 +5.000000e+00 +2.903132e+00
+0.000000e+00 +0.000000e+00 +5.000000e+01 +1.850385e-01
+0.000000e+00 +0.000000e+00 +1.000000e+02 +1.151754e-01
+0.000000e+00 +0.000000e+00 +5.000000e+02 +3.101992e-02

+0.000000e+00 +0.000000e+00 +1.000000e+00 +1.539350e+01
+0.000000e+00 +0.000000e+00 +5.000000e+00 +2.774369e+00
+0.000000e+00 +0.000000e+00 +5.000000e+01 +1.901603e-01
+0.000000e+00 +0.000000e+00 +1.000000e+02 +1.220167e-01
+0.000000e+00 +0.000000e+00 +5.000000e+02 +3.356248e-02

+0.000000e+00 +0.000000e+00 +1.000000e+00 +1.414125e+01
+0.000000e+00 +0.000000e+00 +5.000000e+00 +2.903337e+00
+0.000000e+00 +0.000000e+00 +5.000000e+01 +1.850467e-01
+0.000000e+00 +0.000000e+00 +1.000000e+02 +1.151803e-01
+0.000000e+00 +0.000000e+00 +5.000000e+02 +3.102117e-02

+0.000000e+00 +0.000000e+00 +1.000000e+00 +1.539416e+01
+0.000000e+00 +0.000000e+00 +5.000000e+00 +2.774577e+00
+0.000000e+00 +0.000000e+00 +5.000000e+01 +1.901689e-01
+0.000000e+00 +0.000000e+00 +1.000000e+02 +1.220218e-01
+0.000000e+00 +0.000000e+00 +5.000000e+02 +3.356384e-02

+0.000000e+00 +0.000000e+00 +1.000000e+00 +1.414164e+01
+0.000000e+00 +0.000000e+00 +5.000000e+00 +2.903499e+00
+0.000000e+00 +0.000000e+00 +5.000000e+01 +1.850520e-01
+0.000000e+00 +0.000000e+00 +1.000000e+02 +1.151833e-01
+0.000000e+00 +0.000000e+00 +5.000000e+02 +3.102193e-02

+0.000000e+00 +0.000000e+00 +1.000000e+00 +1.539457e+01
+0.000000e+00 +0.000000e+00 +5.000000e+00 +2.774745e+00
+0.000000e+00 +0.000000e+00 +5.000000e+01 +1.901745e-01
+0.000000e+00 +0.000000e+00 +1.000000e+02 +1.220251e-01
+0.000000e+00 +0.000000e+00 +5.000000e+02 +3.356468e-02

+0.000000e+00 +0.000000e+00 +1.000000e+00 +1.413072e+01
+0.000000e+00 +0.000000e+00 +5.000000e+00 +2.900587e+00
+0.000000e+00 +0.000000e+00 +5.000000e+01 +1.849070e-01
+0.000000e+00 +0.000000e+00 +1.000000e+02 +1.150954e-01
+0.000000e+00 +0.000000e+00 +5.000000e+02 +3.099872e-02

+0.000000e+00 +0.000000e+00 +1.000000e+00 +1.538274e+01
+0.000000e+00 +0.000000e+00 +5.000000e+00 +2.771864e+00
+0.000000e+00 +0.000000e+00 +5.000000e+01 +1.900244e-01
+0.000000e+00 +0.000000e+00 +1.000000e+02 +1.219316e-01
+0.000000e+00 +0.000000e+00 +5.000000e+02 +3.353947e-02

+0.000000e+00 +0.000000e+00 +1.000000e+00 +1.413072e+01
+0.000000e+00 +0.000000e+00 +5.000000e+00 +2.900587e+00
+0.000000e+00 +0.000000e+00 +5.000000e+01 +1.849070e-01
+0.000000e+00 +0.000000e+00 +1.000000e+02 +1.150954e-01
+0.000000e+00 +0.000000e+00 +5.000000e+02 +3.099872e-02

+0.000000e+00 +0.000000e+00 +1.000000e+00 +1.538274e+01
+0.000000e+00 +0.000000e+00 +5.000000e+00 +2.771864e+00
+0.000000e+00 +0.000000e+00 +5.000000e+01 +1.900244e-01
+0.000000e+00 +0.000000e+00 +1.000000e+02 +1.219316e-01
+0.000000e+00 +0.000000e+00 +5.000000e+02 +3.353947e-02

+0.000000e+00 +0.000000e+00 +1.000000e+00 +1.479309e+01
+0.000000e+00 +0.000000e+00 +5.000000e+00 +3.208393e+00
+0.000000e+00 +0.000000e+00 +5.000000e+01 +8.899166e+00
+0.000000e+00 +0.000000e+00 +1.000000e+02 +1.536569e-01
+0.000000e+00 +0.000000e+00 +5.000000e+02 +2.934019e-02

+0.000000e+00 +0.000000e+00 +1.000000e+00 +1.625090e+01
+0.000000e+00 +0.000000e+00 +5.000000e+00 +3.500921e+00
+0.000000e+00 +0.000000e+00 +5.000000e+01 +8.789531e+00
+0.000000e+00 +0.000000e+00 +1.000000e+02 +1.610161e-01
+0.000000e+00 +0.000000e+00 +5.000000e+02 +3.210168e-02

+0.000000e+00 +0.000000e+00 +1.000000e+00 +1.479309e+01
+0.000000e+00 +0.000000e+00 +5.000000e+00 +3.208393e+00
+0.000000e+00 +0.000000e+00 +5.000000e+01 +8.899166e+00
+0.000000e+00 +0.000000e+00 +1.000000e+02 +1.536569e-01
+0.000000e+00 +0.000000e+00 +5.000000e+02 +2.934019e-02

+0.000000e+00 +0.000000e+00 +1.000000e+00 +1.625090e+01
+0.000000e+00 +0.000000e+00 +5.000000e+00 +3.500921e+00
+0.000000e+00 +0.000000e+00 +5.000000e+01 +8.789531e+00
+0.000000e+00 +0.000000e+00 +1.000000e+02 +1.610161e-01
+0.000000e+00 +0.000000e+00 +5.000000e+02 +3.210168e-02

+0.000000e+00 +0.000000e+00 +1.000000e+00 +1.465817e+01
+0.000000e+00 +0.000000e+00 +5.000000e+00 +3.074418e+00
+0.000000e+00 +0.000000e+00 +5.000000e+01 +2.996559e-01
+0.000000e+00 +0.000000e+00 +1.000000e+02 +1.473057e-01
+0.000000e+00 +0.000000e+00 +5.000000e+02 +2.896904e-02

+0.000000e+00 +0.000000e+00 +1.000000e+00 +1.611611e+01
+0.000000e+00 +0.000000e+00 +5.000000e+00 +3.367064e+00
+0.000000e+00 +0.000000e+00 +5.000000e+01 +3.107537e-01
+0.000000e+00 +0.000000e+00 +1.000000e+02 +1.582873e-01
+0.000000e+00 +0.000000e+00 +5.000000e+02 +3.163482e-02

+0.000000e+00 +0.000000e+00 +1.000000e+00 -nan(ind)
+0.000000e+00 +0.000000e+00 +5.000000e+00 -nan(ind)
+0.000000e+00 +0.000000e+00 +5.000000e+01 -nan(ind)
+0.000000e+00 +0.000000e+00 +1.000000e+02 -nan(ind)
+0.000000e+00 +0.000000e+00 +5.000000e+02 -nan(ind)

+0.000000e+00 +0.000000e+00 +1.000000e+00 -nan(ind)
+0.000000e+00 +0.000000e+00 +5.000000e+00 -nan(ind)
+0.000000e+00 +0.000000e+00 +5.000000e+01 -nan(ind)
+0.000000e+00 +0.000000e+00 +1.000000e+02 -nan(ind)
+0.000000e+00 +0.000000e+00 +5.000000e+02 -nan(ind)

+0.000000e+00 +0.000000e+00 +1.000000e+00 -nan(ind)
+0.000000e+00 +0.000000e+00 +5.000000e+00 -nan(ind)
+0.000000e+00 +0.000000e+00 +5.000000e+01 -nan(ind)
+0.000000e+00 +0.000000e+00 +1.000000e+02 -nan(ind)
+0.000000e+00 +0.000000e+00 +5.000000e+02 -nan(ind)

+0.000000e+00 +0.000000e+00 +1.000000e+00 -nan(ind)
+0.000000e+00 +0.000000e+00 +5.000000e+00 -nan(ind)
+0.000000e+00 +0.000000e+00 +5.000000e+01 -nan(ind)
+0.000000e+00 +0.000000e+00 +1.000000e+02 -nan(ind)
+0.000000e+00 +0.000000e+00 +5.000000e+02 -nan(ind)

+0.000000e+00 +0.000000e+00 +1.000000e+00 -nan(ind)
+0.000000e+00 +0.000000e+00 +5.000000e+00 -nan(ind)
+0.000000e+00 +0.000000e+00 +5.000000e+01 -nan(ind)
+0.000000e+00 +0.000000e+00 +1.000000e+02 -nan(ind)
+0.000000e+00 +0.000000e+00 +5.000000e+02 -nan(ind)

+0.000000e+00 +0.000000e+00 +1.000000e+00 -nan(ind)
+0.000000e+00 +0.000000e+00 +5.000000e+00 -nan(ind)
+0.000000e+00 +0.000000e+00 +5.000000e+01 -nan(ind)
+0.000000e+00 +0.000000e+00 +1.000000e+02 -nan(ind)
+0.000000e+00 +0.000000e+00 +5.000000e+02 -nan(ind)

+0.000000e+00 +0.000000e+00 +1.000000e+00 -nan(ind)
+0.000000e+00 +0.000000e+00 +5.000000e+00 -nan(ind)
+0.000000e+00 +0.000000e+00 +5.000000e+01 -nan(ind)
+0.000000e+00 +0.000000e+00 +1.000000e+02 -nan(ind)
+0.000000e+00 +0.000000e+00 +5.000000e+02 -nan(ind)

+0.000000e+00 +0.000000e+00 +1.000000e+00 -nan(ind)
+0.000000e+00 +0.000000e+00 +5.000000e+00 -nan(ind)
+0.000000e+00 +0.000000e+00 +5.000000e+01 -nan(ind)
+0.000000e+00 +0.000000e+00 +1.000000e+02 -nan(ind)
+0.000000e+00 +0.000000e+00 +5.000000e+02 -nan(ind)

+0.000000e+00 +0.000000e+00 +1.000000e+00 +1.479207e+01
+0.000000e+00 +0.000000e+00 +5.000000e+00 +3.206460e+00
+0.000000e+00 +0.000000e+00 +5.000000e+01 +9.075155e-02
+0.000000e+00 +0.000000e+00 +1.000000e+02 +1.426348e-01
+0.000000e+00 +0.000000e+00 +5.000000e+02 +2.908071e-02

+0.000000e+00 +0.000000e+00 +1.000000e+00 -nan(ind)
+0.000000e+00 +0.000000e+00 +5.000000e+00 -nan(ind)
+0.000000e+00 +0.000000e+00 +5.000000e+01 -nan(ind)
+0.000000e+00 +0.000000e+00 +1.000000e+02 -nan(ind)
+0.000000e+00 +0.000000e+00 +5.000000e+02 -nan(ind)

+0.000000e+00 +0.000000e+00 +1.000000e+00 +1.503091e+01
+0.000000e+00 +0.000000e+00 +5.000000e+00 +3.443346e+00
+0.000000e+00 +0.000000e+00 +5.000000e+01 +1.818297e+00
+0.000000e+00 +0.000000e+00 +1.000000e+02 +1.719279e-01
+0.000000e+00 +0.000000e+00 +5.000000e+02 +2.948361e-02

+0.000000e+00 +0.000000e+00 +1.000000e+00 +1.503091e+01
+0.000000e+00 +0.000000e+00 +5.000000e+00 +3.443346e+00
+0.000000e+00 +0.000000e+00 +5.000000e+01 +1.818297e+00
+0.000000e+00 +0.000000e+00 +1.000000e+02 +1.719279e-01
+0.000000e+00 +0.000000e+00 +5.000000e+02 +2.948361e-02

+0.000000e+00 +0.000000e+00 +1.000000e+00 +1.650066e+01
+0.000000e+00 +0.000000e+00 +5.000000e+00 +3.747805e+00
+0.000000e+00 +0.000000e+00 +5.000000e+01 +1.843333e+00
+0.000000e+00 +0.000000e+00 +1.000000e+02 +1.729195e-01
+0.000000e+00 +0.000000e+00 +5.000000e+02 +3.213245e-02

+0.000000e+00 +0.000000e+00 +1.000000e+00 +1.503091e+01
+0.000000e+00 +0.000000e+00 +5.000000e+00 +3.443346e+00
+0.000000e+00 +0.000000e+00 +5.000000e+01 +1.818297e+00
+0.000000e+00 +0.000000e+00 +1.000000e+02 +1.719279e-01
+0.000000e+00 +0.000000e+00 +5.000000e+02 +2.948361e-02

+0.000000e+00 +0.000000e+00 +1.000000e+00 +1.650066e+01
+0.000000e+00 +0.000000e+00 +5.000000e+00 +3.747805e+00
+0.000000e+00 +0.000000e+00 +5.000000e+01 +1.843333e+00
+0.000000e+00 +0.000000e+00 +1.000000e+02 +1.729195e-01
+0.000000e+00 +0.000000e+00 +5.000000e+02 +3.213245e-02

+0.000000e+00 +0.000000e+00 +1.000000e+00 +1.594102e+01
+0.000000e+00 +0.000000e+00 +5.000000e+00 +3.192980e+00
+0.000000e+00 +0.000000e+00 +5.000000e+01 +3.181571e-01
+0.000000e+00 +0.000000e+00 +1.000000e+02 +1.587427e-01
+0.000000e+00 +0.000000e+00 +5.000000e+02 +3.185928e-02

+0.000000e+00 +0.000000e+00 +1.000000e+00 +1.594224e+01
+0.000000e+00 +0.000000e+00 +5.000000e+00 +3.194199e+00
+0.000000e+00 +0.000000e+00 +5.000000e+01 +3.182135e-01
+0.000000e+00 +0.000000e+00 +1.000000e+02 +1.587421e-01
+0.000000e+00 +0.000000e+00 +5.000000e+02 +3.185913e-02

+0.000000e+00 +0.000000e+00 +1.000000e+00 +1.594224e+01
+0.000000e+00 +0.000000e+00 +5.000000e+00 +3.194198e+00
+0.000000e+00 +0.000000e+00 +5.000000e+01 +3.181921e-01
+0.000000e+00 +0.000000e+00 +1.000000e+02 +1.587417e-01
+0.000000e+00 +0.000000e+00 +5.000000e+02 +3.185912e-02

+0.000000e+00 +0.000000e+00 +1.000000e+00 +1.573584e+01
+0.000000e+00 +0.000000e+00 +5.000000e+00 +2.986897e+00
+0.000000e+00 +0.000000e+00 +5.000000e+01 +2.989473e-01
+0.000000e+00 +0.000000e+00 +1.000000e+02 +1.587563e-01
+0.000000e+00 +0.000000e+00 +5.000000e+02 +3.188410e-02

